0.0000, 9, 0.0190, 1.5701 
1.9531, 9, 0.0864, 0.7703 
3.9062, 9, 0.0807, 0.3339 
5.8594, 9, 0.0829, 0.2913 
7.8125, 9, 0.0822, 0.2912 
9.7656, 9, 0.0832, 0.3094 
11.7188, 9, 0.0823, 0.2969 
13.6719, 9, 0.0842, 0.2866 
15.6250, 9, 0.0839, 0.2963 
17.5781, 9, 0.0842, 0.2895 
19.5312, 9, -0.0842, 0.2746 
21.4844, 9, 0.1610, 0.9764 
23.4375, 9, 0.0883, 0.2465 
25.3906, 9, 0.0864, 0.2554 
27.3438, 9, 0.0857, 0.2729 
29.2969, 9, 0.0810, 0.3076 
31.2500, 9, 0.0806, 0.3385 
33.2031, 9, 0.0777, 0.3424 
35.1562, 9, 0.0768, 0.3683 
37.1094, 9, 0.0764, 0.3624 
39.0625, 9, 0.0773, 0.3618 
41.0156, 9, 0.0758, 0.3718 
42.9688, 9, 0.0747, 0.3573 
44.9219, 9, 0.0760, 0.3622 
46.8750, 9, 0.0801, 0.3159 
48.8281, 9, 0.0838, 0.2751 
50.7812, 9, 0.0841, 0.2913 
52.7344, 9, 0.0804, 0.3140 
54.6875, 9, 0.0772, 0.3538 
56.6406, 9, 0.0751, 0.3897 
58.5938, 9, 0.0761, 0.3765 
60.5469, 9, 0.2376, 0.9092 
62.5000, 9, 0.0757, 0.3509 
64.4531, 9, 0.0756, 0.3611 
66.4062, 9, 0.0752, 0.3707 
68.3594, 9, 0.0766, 0.3649 
70.3125, 9, 0.0762, 0.3637 
72.2656, 9, 0.0760, 0.3490 
74.2188, 9, -0.1748, 0.8279 
76.1719, 9, 0.0759, 0.3674 
78.1250, 9, 0.0760, 0.3545 
80.0781, 9, 0.0769, 0.3628 
82.0312, 9, 0.0763, 0.3597 
83.9844, 9, 0.0776, 0.3560 
85.9375, 9, 0.0795, 0.3303 
87.8906, 9, 0.0790, 0.3242 
89.8438, 9, 0.0783, 0.3423 
91.7969, 9, 0.0761, 0.3646 
93.7500, 9, 0.0730, 0.3806 
95.7031, 9, 0.0770, 0.3816 
97.6562, 9, -0.0771, 0.3370 
99.6094, 9, -0.0778, 0.3551 
101.5625, 9, 0.0777, 0.3501 
103.5156, 9, 0.0772, 0.3441 
105.4688, 9, 0.0775, 0.3606 
107.4219, 9, 0.0792, 0.3487 
109.3750, 9, 0.0805, 0.3298 
111.3281, 9, 0.0810, 0.3462 
113.2812, 9, 0.0788, 0.3290 
115.2344, 9, 0.0809, 0.3088 
117.1875, 9, 0.0802, 0.3241 
119.1406, 9, 0.0783, 0.3365 
121.0938, 9, 0.0801, 0.3247 
123.0469, 9, 0.0822, 0.2994 
125.0000, 9, 0.1367, 0.9560 
126.9531, 9, 0.0845, 0.2857 
128.9062, 9, 0.0850, 0.2608 
130.8594, 9, 0.0790, 4.7114 
132.8125, 9, 0.0874, 0.2395 
134.7656, 9, 0.0901, 0.2021 
136.7188, 9, 0.3094, 0.7969 
138.6719, 9, 0.3971, 0.6954 
140.6250, 9, 0.4506, 0.6143 
142.5781, 9, 0.4565, 0.5877 
144.5312, 9, 0.4888, 0.5888 
146.4844, 9, 0.4732, 0.5597 
148.4375, 9, 0.4804, 0.5608 
150.3906, 9, 0.4843, 0.5486 
152.3438, 9, 0.4841, 0.5379 
154.2969, 9, 0.5094, 0.5201 
156.2500, 9, 0.5134, 0.4723 
158.2031, 9, 0.5330, 0.4736 
160.1562, 9, 0.5555, 0.4402 
162.1094, 9, 0.5490, 0.4539 
164.0625, 9, 0.5591, 0.4254 
166.0156, 9, 0.5500, 0.4322 
167.9688, 9, 0.5181, 0.4560 
169.9219, 9, 0.5265, 0.4687 
171.8750, 9, 0.5218, 0.4948 
173.8281, 9, 0.5013, 0.5201 
175.7812, 9, 0.4820, 0.5108 
177.7344, 9, 0.4980, 0.5388 
179.6875, 9, 0.5025, 0.4877 
181.6406, 9, 0.5232, 0.4696 
183.5938, 9, 0.5420, 0.4984 
185.5469, 9, 0.5319, 0.4536 
187.5000, 9, 0.5367, 0.4673 
189.4531, 9, 0.5258, 0.4870 
191.4062, 9, 0.5447, 0.4741 
193.3594, 9, 0.5394, 0.4741 
195.3125, 9, 0.5322, 0.5128 
197.2656, 9, 0.5058, 0.4879 
199.2188, 9, 0.0473, 0.0990 
201.1719, 9, 0.5242, 0.4872 
203.1250, 9, 0.5286, 0.4864 
205.0781, 9, 0.5234, 0.4784 
207.0312, 9, 0.5377, 0.4643 
208.9844, 9, 0.5538, 0.4570 
210.9375, 9, 0.5542, 0.4350 
212.8906, 9, 0.5573, 0.4191 
214.8438, 9, 0.5496, 0.4471 
216.7969, 9, 0.5409, 0.4643 
218.7500, 9, 0.5425, 0.4730 
220.7031, 9, 0.5282, 0.4889 
222.6562, 9, 0.5251, 0.4835 
224.6094, 9, 0.5172, 0.5264 
226.5625, 9, 0.5148, 0.4771 
228.5156, 9, 0.5120, 0.5140 
230.4688, 9, 0.5138, 0.5127 
232.4219, 9, 0.5153, 0.4768 
234.3750, 9, 0.5345, 0.4701 
236.3281, 9, 0.5313, 0.4668 
238.2812, 9, 0.5469, 0.4724 
240.2344, 9, 0.5441, 0.4586 
242.1875, 9, 0.5389, 0.5077 
244.1406, 9, 0.5292, 0.4855 
246.0938, 9, 0.5212, 0.4942 
248.0469, 9, 0.5070, 0.5169 
250.0000, 9, 0.5284, 0.4975 
251.9531, 9, 0.5235, 0.4948 
253.9062, 9, 0.5345, 0.4613 
255.8594, 9, 0.5493, 0.4786 
257.8125, 9, 0.5571, 0.4612 
259.7656, 9, 0.5609, 0.4414 
261.7188, 9, 0.5601, 0.4157 
263.6719, 9, 0.5728, 0.4216 
265.6250, 9, 0.5642, 0.4262 
267.5781, 9, 0.5673, 0.4353 
269.5312, 9, 0.5400, 0.4741 
271.4844, 9, 0.5241, 0.5063 
273.4375, 9, 0.5096, 0.4873 
275.3906, 9, 0.5125, 0.5149 
277.3438, 9, 0.5069, 0.4786 
279.2969, 9, 0.5274, 0.4874 
281.2500, 9, 0.5138, 0.4500 
283.2031, 9, 0.5293, 0.4735 
285.1562, 9, 0.5324, 0.4814 
287.1094, 9, 0.5322, 0.4720 
289.0625, 9, 0.5286, 0.4792 
291.0156, 9, 0.5090, 0.5010 
292.9688, 9, 0.4970, 0.4849 
294.9219, 9, 0.5017, 0.5085 
296.8750, 9, 0.5040, 0.5203 
298.8281, 9, 0.5145, 0.4943 
300.7812, 9, 0.5047, 0.4952 
302.7344, 9, 0.4925, 0.5040 
304.6875, 9, 0.4689, 0.5357 
306.6406, 9, 0.4856, 0.5585 
308.5938, 9, 0.4836, 0.5331 
310.5469, 9, 0.5006, 0.5239 
312.5000, 9, 0.5122, 0.5205 
314.4531, 9, 0.5111, 0.5041 
316.4062, 9, 0.5084, 0.5060 
318.3594, 9, 0.4921, 0.4967 
320.3125, 9, 0.4743, 0.5033 
322.2656, 9, 0.4655, 0.5303 
324.2188, 9, 0.4825, 0.5521 
326.1719, 9, 0.4837, 0.5764 
328.1250, 9, -0.4616, 0.5251 
330.0781, 9, 0.4586, 0.5371 
332.0312, 9, 0.4783, 0.5653 
333.9844, 9, 0.4760, 0.5745 
335.9375, 9, 0.4809, 0.5451 
337.8906, 9, 0.4889, 0.5679 
339.8438, 9, 0.4797, 0.5408 
341.7969, 9, 0.4681, 0.5619 
343.7500, 9, 0.4582, 0.5700 
345.7031, 9, 0.4535, 0.5942 
347.6562, 9, 0.4384, 0.5819 
349.6094, 9, 0.4420, 0.5902 
351.5625, 9, 0.4362, 0.5984 
353.5156, 9, 0.4411, 0.6193 
355.4688, 9, 0.4415, 0.5890 
357.4219, 9, 0.4544, 0.5661 
359.3750, 9, 0.4624, 0.5598 
361.3281, 9, 0.4548, 0.5219 
363.2812, 9, 0.4567, 0.5858 
365.2344, 9, 0.4512, 0.5739 
367.1875, 9, 0.4483, 0.6046 
369.1406, 9, 0.4400, 0.6385 
371.0938, 9, 0.4269, 0.6331 
373.0469, 9, 0.4327, 0.6390 
375.0000, 9, 0.4133, 0.6453 
376.9531, 9, 0.4134, 0.6113 
378.9062, 9, 0.3597, 1.0846 
380.8594, 9, -0.4078, 0.6421 
382.8125, 9, 0.0705, 0.1250 
384.7656, 9, 0.4243, 0.6697 
386.7188, 9, 0.4144, 0.6240 
388.6719, 9, 0.4028, 0.6212 
390.6250, 9, -0.3928, 0.6392 
392.5781, 9, 0.3811, 0.6379 
394.5312, 9, 0.3821, 0.7213 
396.4844, 9, 0.3852, 0.7488 
398.4375, 9, 0.3804, 0.7202 
400.3906, 9, 0.3758, 0.7221 
402.3438, 9, 0.0760, 0.1438 
404.2969, 9, 0.3765, 0.6857 
406.2500, 9, 0.3808, 0.7026 
408.2031, 9, 0.3896, 0.6683 
410.1562, 9, 0.4062, 0.6806 
412.1094, 9, 0.4090, 0.6801 
414.0625, 9, 0.3943, 0.6611 
416.0156, 9, 0.3983, 0.6794 
417.9688, 9, 0.3877, 0.6890 
419.9219, 9, 0.7424, 1.1552 
421.8750, 9, 0.3776, 0.7003 
423.8281, 9, 0.3737, 0.7003 
425.7812, 9, 0.3818, 0.6559 
427.7344, 9, 0.3720, 0.7033 
429.6875, 9, 0.3825, 0.7179 
431.6406, 9, 0.3881, 0.6692 
433.5938, 9, 0.3930, 0.6675 
435.5469, 9, 0.3826, 0.6453 
437.5000, 9, -0.4002, 0.6924 
439.4531, 9, 0.3848, 0.6811 
441.4062, 9, 0.3615, 0.7086 
443.3594, 9, 0.0821, 0.1585 
445.3125, 9, 0.3222, 0.7626 
447.2656, 9, 0.2951, 0.7807 
449.2188, 9, 0.2799, 0.8501 
451.1719, 9, 0.2624, 0.8073 
453.1250, 9, 0.2878, 0.8964 
455.0781, 9, 0.2819, 0.7891 
457.0312, 9, 0.2815, 0.8126 
458.9844, 9, -0.2738, 0.7914 
460.9375, 9, 0.3041, 0.8121 
462.8906, 9, -0.3212, 0.8185 
464.8438, 9, 0.3315, 0.7603 
466.7969, 9, 0.3289, 0.7583 
468.7500, 9, 0.0847, 0.1616 
470.7031, 9, 0.3292, 0.7683 
472.6562, 9, -0.3270, 0.7660 
474.6094, 9, 0.3168, 0.7287 
476.5625, 9, 0.0834, 0.1712 
478.5156, 9, -0.2740, 1.3508 
480.4688, 9, 0.3118, 0.7969 
482.4219, 9, 0.3214, 0.8395 
484.3750, 9, 0.3213, 0.7532 
486.3281, 9, 0.3069, 0.7975 
488.2812, 9, 0.3179, 0.8454 
490.2344, 9, 0.3044, 0.8169 
492.1875, 9, 0.2981, 0.8402 
494.1406, 9, 0.2903, 0.8074 
496.0938, 9, 0.2896, 0.8591 
498.0469, 9, -0.2967, 0.7976 
500.0000, 9, -0.2886, 0.7506 
501.9531, 9, 0.2934, 0.8297 
503.9062, 9, -0.2711, 0.8387 
505.8594, 9, 0.2660, 0.7997 
507.8125, 9, 0.2906, 0.8483 
509.7656, 9, 0.2976, 0.8300 
511.7188, 9, -0.2857, 0.7723 
513.6719, 9, 0.2929, 0.8534 
515.6250, 9, 0.2804, 0.8597 
517.5781, 9, -0.3028, 1.1179 
519.5312, 9, 0.2507, 0.8677 
521.4844, 9, -0.2371, 0.7907 
523.4375, 9, 0.0902, 0.1937 
525.3906, 9, 0.0899, 0.1919 
527.3438, 9, 0.2484, 0.8331 
529.2969, 9, 0.2397, 0.8595 
531.2500, 9, 0.2471, 0.9046 
533.2031, 9, 0.0894, 0.2020 
535.1562, 9, 0.2539, 0.8792 
537.1094, 9, 0.0899, 0.1856 
539.0625, 9, 0.2537, 0.8912 
541.0156, 9, 0.0901, 0.1940 
542.9688, 9, 0.2206, 0.8109 
544.9219, 9, 0.2088, 0.8484 
546.8750, 9, 0.2034, 0.8592 
548.8281, 9, 0.0883, 0.2238 
550.7812, 9, 0.1974, 0.9344 
552.7344, 9, 0.1925, 0.8345 
554.6875, 9, 0.0886, 0.2336 
556.6406, 9, 0.0876, 0.2290 
558.5938, 9, 0.0894, 0.2245 
560.5469, 9, 0.2024, 0.8559 
562.5000, 9, 0.0900, 0.2101 
564.4531, 9, -0.2156, 0.9865 
566.4062, 9, 0.0887, 0.2279 
568.3594, 9, 0.1932, 0.9010 
570.3125, 9, 0.0874, 0.2324 
572.2656, 9, 0.1982, 1.0017 
574.2188, 9, 0.0892, 0.2374 
576.1719, 9, 0.0888, 0.2258 
578.1250, 9, 0.0901, 0.2290 
580.0781, 9, 0.0896, 0.2187 
582.0312, 9, 0.0891, 0.2189 
583.9844, 9, 0.2096, 0.9103 
585.9375, 9, -0.2112, 0.9431 
587.8906, 9, 0.0899, 0.2154 
589.8438, 9, 0.0896, 0.2217 
591.7969, 9, -0.2025, 0.9435 
593.7500, 9, 0.0895, 0.2176 
595.7031, 9, 0.1854, 1.0062 
597.6562, 9, 0.0892, 0.2351 
599.6094, 9, 0.0876, 0.2429 
601.5625, 9, 0.5051, 4.2919 
603.5156, 9, 0.1787, 0.9683 
605.4688, 9, 0.0876, 0.2452 
607.4219, 9, 0.0866, 0.2483 
609.3750, 9, 0.0871, 0.2418 
611.3281, 9, 0.0871, 0.2471 
613.2812, 9, 0.0871, 0.2313 
615.2344, 9, 0.0877, 0.2493 
617.1875, 9, 0.0874, 0.2475 
619.1406, 9, 0.0857, 0.2642 
621.0938, 9, 0.0862, 0.2644 
623.0469, 9, 0.0864, 0.2583 
625.0000, 9, 0.0874, 0.2384 
626.9531, 9, 0.0865, 0.2578 
628.9062, 9, 0.1598, 1.0806 
630.8594, 9, 0.0871, 0.2651 
632.8125, 9, 0.0877, 0.2668 
634.7656, 9, 0.0868, 0.2511 
636.7188, 9, 0.0885, 0.2431 
638.6719, 9, 0.1665, 0.9996 
640.6250, 9, 0.0869, 0.2688 
642.5781, 9, 0.1571, 0.9435 
644.5312, 9, 0.1608, 1.1468 
646.4844, 9, 0.1586, 1.0944 
648.4375, 9, 0.0861, 0.2558 
650.3906, 9, 0.1570, 0.8672 
652.3438, 9, 0.0876, 0.2535 
654.2969, 9, -0.1416, 0.8603 
656.2500, 9, 0.0844, 0.3061 
658.2031, 9, 0.0846, 0.2703 
660.1562, 9, 0.0853, 0.2717 
662.1094, 9, 0.0859, 0.2739 
664.0625, 9, 0.1545, 0.9133 
666.0156, 9, 0.0861, 0.2718 
667.9688, 9, 0.0835, 0.2978 
669.9219, 9, 0.0832, 0.2874 
671.8750, 9, 0.1325, 0.8414 
673.8281, 9, 0.0844, 0.2730 
675.7812, 9, 0.0852, 0.2782 
677.7344, 9, 0.0840, 0.2908 
679.6875, 9, 0.0835, 0.2854 
681.6406, 9, 0.0822, 0.3064 
683.5938, 9, 0.0842, 0.2803 
685.5469, 9, 0.0841, 0.2777 
687.5000, 9, 0.2679, 2.9747 
689.4531, 9, 0.0842, 0.2879 
691.4062, 9, 0.0837, 0.3014 
693.3594, 9, 0.0822, 0.2912 
695.3125, 9, 0.0821, 0.2978 
697.2656, 9, 0.0851, 0.2851 
699.2188, 9, 0.0855, 0.2625 
701.1719, 9, 0.0871, 0.2534 
703.1250, 9, 0.0843, 0.2943 
705.0781, 9, 0.0835, 0.2969 
707.0312, 9, 0.0826, 0.2990 
708.9844, 9, 0.0838, 0.2925 
710.9375, 9, 0.0853, 0.2852 
712.8906, 9, 0.0834, 0.2950 
714.8438, 9, 0.0833, 0.2864 
716.7969, 9, 0.0845, 0.2802 
718.7500, 9, 0.0839, 0.2847 
720.7031, 9, 0.1262, 0.9832 
722.6562, 9, 0.0820, 0.3077 
724.6094, 9, 0.0814, 0.3098 
726.5625, 9, 0.0821, 0.2999 
728.5156, 9, 0.1899, 0.8107 
730.4688, 9, 0.0811, 0.3126 
732.4219, 9, 0.0812, 0.2991 
734.3750, 9, 0.0814, 0.3079 
736.3281, 9, 0.0831, 0.2992 
738.2812, 9, 0.0821, 0.3105 
740.2344, 9, 0.0822, 0.2957 
742.1875, 9, 0.0799, 0.3293 
744.1406, 9, 0.0810, 0.3236 
746.0938, 9, 0.0811, 0.3201 
748.0469, 9, 0.0804, 0.3239 
750.0000, 9, 0.0788, 0.3585 
751.9531, 9, 0.0802, 0.3183 
753.9062, 9, 0.0817, 0.3376 
755.8594, 9, 0.0810, 0.3128 
757.8125, 9, 0.0823, 0.3086 
759.7656, 9, 0.0801, 0.3119 
761.7188, 9, 0.0825, 0.3007 
763.6719, 9, 0.0820, 0.3112 
765.6250, 9, 0.0807, 0.3151 
767.5781, 9, 0.0795, 0.3085 
769.5312, 9, 0.0797, 0.3319 
771.4844, 9, 0.1064, 1.0784 
773.4375, 9, 0.0785, 0.3658 
775.3906, 9, 0.0760, 0.3506 
777.3438, 9, 0.0788, 0.3407 
779.2969, 9, 0.0786, 0.3393 
781.2500, 9, 0.0785, 0.3400 
783.2031, 9, 0.0797, 0.3285 
785.1562, 9, 0.0808, 0.3192 
787.1094, 9, 0.0797, 0.3181 
789.0625, 9, 0.0808, 0.2994 
791.0156, 9, 0.0802, 0.3424 
792.9688, 9, 0.0778, 0.3344 
794.9219, 9, 0.0771, 0.3657 
796.8750, 9, 0.0753, 0.3514 
798.8281, 9, 0.0777, 0.3494 
800.7812, 9, 0.0771, 0.3655 
802.7344, 9, 0.0766, 0.3593 
804.6875, 9, 0.0765, 0.3555 
806.6406, 9, 0.0760, 0.3404 
808.5938, 9, 0.0769, 0.3577 
810.5469, 9, 0.0782, 0.3290 
812.5000, 9, 0.0781, 0.3519 
814.4531, 9, 0.0775, 0.3633 
816.4062, 9, 0.0763, 0.3688 
818.3594, 9, 0.0764, 0.3618 
820.3125, 9, -0.0868, 1.3740 
822.2656, 9, 0.0759, 0.3795 
824.2188, 9, 0.0758, 0.3711 
826.1719, 9, 0.0769, 0.3500 
828.1250, 9, -0.0760, 0.3635 
830.0781, 9, 0.0752, 0.3836 
832.0312, 9, 0.0759, 0.3671 
833.9844, 9, 0.0772, 0.3701 
835.9375, 9, 0.0772, 0.3469 
837.8906, 9, 0.0748, 0.3768 
839.8438, 9, 0.0774, 0.3450 
841.7969, 9, 0.0755, 0.3649 
843.7500, 9, 0.0749, 0.3869 
845.7031, 9, 0.0744, 0.3841 
847.6562, 9, 0.0758, 0.3514 
849.6094, 9, 0.0775, 0.3739 
851.5625, 9, 0.0777, 0.3443 
853.5156, 9, -0.0761, 0.3751 
855.4688, 9, 0.0743, 0.3921 
857.4219, 9, 0.0765, 0.3557 
859.3750, 9, 0.0744, 0.3852 
861.3281, 9, 0.0741, 0.3833 
863.2812, 9, 0.0761, 0.3905 
865.2344, 9, 0.0755, 0.3769 
867.1875, 9, 0.0738, 0.3767 
869.1406, 9, -0.0737, 0.3891 
871.0938, 9, 0.5784, 1.3909 
873.0469, 9, 0.0738, 0.3951 
875.0000, 9, 0.0729, 0.3871 
876.9531, 9, 0.0738, 0.3953 
878.9062, 9, 0.0731, 0.4201 
880.8594, 9, 0.0720, 0.4028 
882.8125, 9, -0.0752, 0.3947 
884.7656, 9, 0.0755, 0.3591 
886.7188, 9, 0.1048, 0.8815 
888.6719, 9, 0.0756, 0.3696 
890.6250, 9, 0.0760, 0.3788 
892.5781, 9, 0.0753, 0.3719 
894.5312, 9, 0.0736, 0.3897 
896.4844, 9, -0.0741, 0.3799 
898.4375, 9, 0.0760, 0.3804 
900.3906, 9, 0.0742, 0.3481 
902.3438, 9, 0.1182, 0.8142 
904.2969, 9, 0.0738, 0.3955 
906.2500, 9, 0.0739, 0.3721 
908.2031, 9, 0.0752, 0.3747 
910.1562, 9, 0.0764, 0.3613 
912.1094, 9, 0.0755, 0.3947 
914.0625, 9, 0.0768, 0.3626 
916.0156, 9, 0.0758, 0.3924 
917.9688, 9, 0.1384, 0.8832 
919.9219, 9, 0.0743, 0.3764 
921.8750, 9, -0.1054, 0.6117 
923.8281, 9, 0.0742, 0.3874 
925.7812, 9, 0.0750, 0.3734 
927.7344, 9, 0.0738, 0.4047 
929.6875, 9, 0.0738, 0.3802 
931.6406, 9, 0.0532, 1.6518 
933.5938, 9, 0.0747, 0.3726 
935.5469, 9, 0.0763, 0.3987 
937.5000, 9, 0.0752, 0.3708 
939.4531, 9, 0.0754, 0.3855 
941.4062, 9, 0.0751, 0.3862 
943.3594, 9, 0.0745, 0.3693 
945.3125, 9, 0.0735, 0.3780 
947.2656, 9, 0.0738, 0.3875 
949.2188, 9, 0.0746, 0.3850 
951.1719, 9, -0.0741, 0.4012 
953.1250, 9, 0.0721, 0.4108 
955.0781, 9, 0.0737, 0.4018 
957.0312, 9, 0.0718, 0.4055 
958.9844, 9, 0.0761, 0.3776 
960.9375, 9, 0.0780, 0.3664 
962.8906, 9, 0.0751, 0.3569 
964.8438, 9, 0.0750, 0.3671 
966.7969, 9, 0.0751, 0.3700 
968.7500, 9, 0.0737, 0.3860 
970.7031, 9, 0.0756, 0.3798 
972.6562, 9, 0.0724, 0.4003 
974.6094, 9, 0.0875, 0.7484 
976.5625, 9, 0.0741, 0.4039 
978.5156, 9, 0.0736, 0.4078 
980.4688, 9, 0.0744, 0.3944 
982.4219, 9, -0.0758, 0.3772 
984.3750, 9, 0.0752, 0.3621 
986.3281, 9, 0.0761, 0.3863 
988.2812, 9, 0.0750, 0.3687 
990.2344, 9, 0.0756, 0.3944 
992.1875, 9, 0.0741, 0.3872 
994.1406, 9, 0.0519, 1.6558 
996.0938, 9, 0.0735, 0.4026 
998.0469, 9, 0.0731, 0.4174 
1000.0000, 9, 0.0558, 0.9130 
