0.0000, 5, 0.0200, 1.5306 
1.9531, 5, 0.0761, 0.4079 
3.9062, 5, 0.0847, 0.2710 
5.8594, 5, 0.0850, 0.2627 
7.8125, 5, 0.0849, 0.2663 
9.7656, 5, 0.0841, 0.2733 
11.7188, 5, 0.0859, 0.2577 
13.6719, 5, 0.0863, 0.2666 
15.6250, 5, 0.0852, 0.2832 
17.5781, 5, 0.1605, 1.0904 
19.5312, 5, 0.0869, 0.2489 
21.4844, 5, 0.0889, 0.2323 
23.4375, 5, 0.1950, 0.8422 
25.3906, 5, 0.0273, 3.7623 
27.3438, 5, 0.0895, 0.2231 
29.2969, 5, 0.0848, 0.2768 
31.2500, 5, 0.0815, 0.3184 
33.2031, 5, 0.0813, 0.3102 
35.1562, 5, 0.0823, 0.2918 
37.1094, 5, 0.0783, 0.3570 
39.0625, 5, 0.0791, 0.3523 
41.0156, 5, 0.1486, 0.9607 
42.9688, 5, 0.0755, 0.3901 
44.9219, 5, 0.0784, 0.3413 
46.8750, 5, 1.7924, 4.1521 
48.8281, 5, 0.6500, 2.9351 
50.7812, 5, 0.3920, 3.1565 
52.7344, 5, -0.1795, 1.1549 
54.6875, 5, 0.0779, 0.3367 
56.6406, 5, 0.0755, 0.3818 
58.5938, 5, 0.1464, 0.6756 
60.5469, 5, 0.0786, 0.3430 
62.5000, 5, 0.0769, 0.3818 
64.4531, 5, 0.0769, 0.3559 
66.4062, 5, 0.0778, 0.3475 
68.3594, 5, 0.0783, 0.3475 
70.3125, 5, 0.0764, 0.3769 
72.2656, 5, -0.0768, 0.3553 
74.2188, 5, 0.0765, 0.3577 
76.1719, 5, 0.0791, 0.3372 
78.1250, 5, 0.0796, 0.3576 
80.0781, 5, -0.0750, 0.3657 
82.0312, 5, 0.0769, 0.3867 
83.9844, 5, 0.0762, 0.3743 
85.9375, 5, 0.0769, 0.3576 
87.8906, 5, 0.0781, 0.3669 
89.8438, 5, 0.0788, 0.3338 
91.7969, 5, -0.0771, 0.3469 
93.7500, 5, -0.0754, 0.3658 
95.7031, 5, 0.1161, 0.7799 
97.6562, 5, 0.0793, 0.2967 
99.6094, 5, 0.0835, 0.2613 
101.5625, 5, 0.1320, 1.0908 
103.5156, 5, 0.1765, 1.2217 
105.4688, 5, 0.0765, 0.3565 
107.4219, 5, 0.0765, 0.3447 
109.3750, 5, 0.0789, 0.3539 
111.3281, 5, 0.0774, 0.3483 
113.2812, 5, 0.0778, 0.3338 
115.2344, 5, 0.0789, 0.3323 
117.1875, 5, 0.0798, 0.3254 
119.1406, 5, 0.0798, 0.3243 
121.0938, 5, -0.0473, 1.0427 
123.0469, 5, 0.0847, 0.2881 
125.0000, 5, 0.0831, 0.2789 
126.9531, 5, 0.0833, 0.3040 
128.9062, 5, 0.0835, 0.2749 
130.8594, 5, 0.0839, 0.2894 
132.8125, 5, 0.0877, 0.2468 
134.7656, 5, 0.0899, 0.1885 
136.7188, 5, 0.3130, 0.7621 
138.6719, 5, 0.4041, 0.7280 
140.6250, 5, 0.0652, 0.1209 
142.5781, 5, 0.4401, 0.5679 
144.5312, 5, 0.4520, 0.5821 
146.4844, 5, 0.4600, 0.5833 
148.4375, 5, 0.4629, 0.5526 
150.3906, 5, -0.4547, 0.5639 
152.3438, 5, 0.4572, 0.5665 
154.2969, 5, 0.4654, 0.5552 
156.2500, 5, 0.4673, 0.5307 
158.2031, 5, 0.4935, 0.5515 
160.1562, 5, 0.5044, 0.5323 
162.1094, 5, -0.4957, 0.5322 
164.0625, 5, -0.4885, 0.4945 
166.0156, 5, 0.5005, 0.5158 
167.9688, 5, 0.4881, 0.5137 
169.9219, 5, 0.4945, 0.5111 
171.8750, 5, 0.4749, 0.5182 
173.8281, 5, 0.4912, 0.5052 
175.7812, 5, 0.4945, 0.5488 
177.7344, 5, 0.4926, 0.5112 
179.6875, 5, 0.4831, 0.5155 
181.6406, 5, -0.5012, 0.5407 
183.5938, 5, 0.4845, 0.5023 
185.5469, 5, 0.5036, 0.4953 
187.5000, 5, 0.5017, 0.4944 
189.4531, 5, -0.4965, 0.4794 
191.4062, 5, 0.4816, 0.5078 
193.3594, 5, 0.4850, 0.5274 
195.3125, 5, 0.4861, 0.5501 
197.2656, 5, 0.4832, 0.5473 
199.2188, 5, -0.4734, 0.5277 
201.1719, 5, 0.4957, 0.5542 
203.1250, 5, 0.4749, 0.5524 
205.0781, 5, 0.4674, 0.5161 
207.0312, 5, 0.4770, 0.5123 
208.9844, 5, 0.4902, 0.5145 
210.9375, 5, 0.4997, 0.5371 
212.8906, 5, 0.4982, 0.5219 
214.8438, 5, 0.4913, 0.5450 
216.7969, 5, 0.4901, 0.5155 
218.7500, 5, 0.4784, 0.5425 
220.7031, 5, 0.4650, 0.5786 
222.6562, 5, 0.4738, 0.5612 
224.6094, 5, 0.4810, 0.5544 
226.5625, 5, 0.4909, 0.5410 
228.5156, 5, 0.4761, 0.5245 
230.4688, 5, 0.4904, 0.5552 
232.4219, 5, 0.4766, 0.5141 
234.3750, 5, 0.4958, 0.5080 
236.3281, 5, 0.5093, 0.5150 
238.2812, 5, 0.5080, 0.5256 
240.2344, 5, 0.5074, 0.5431 
242.1875, 5, 0.4903, 0.5398 
244.1406, 5, 0.4940, 0.5232 
246.0938, 5, 0.4748, 0.5036 
248.0469, 5, 0.4983, 0.5566 
250.0000, 5, 0.4925, 0.5337 
251.9531, 5, -0.4719, 0.5395 
253.9062, 5, 0.4801, 0.5342 
255.8594, 5, 0.4820, 0.5152 
257.8125, 5, 0.4972, 0.5352 
259.7656, 5, 0.5056, 0.5146 
261.7188, 5, 0.5076, 0.4970 
263.6719, 5, 0.4961, 0.5025 
265.6250, 5, 0.4906, 0.4953 
267.5781, 5, 0.4897, 0.5357 
269.5312, 5, -0.4681, 0.5876 
271.4844, 5, -0.4672, 0.5688 
273.4375, 5, 0.4592, 0.5466 
275.3906, 5, 0.4591, 0.5457 
277.3438, 5, 0.4741, 0.5696 
279.2969, 5, -0.4657, 0.5732 
281.2500, 5, 0.4653, 0.5270 
283.2031, 5, 0.4894, 0.5657 
285.1562, 5, 0.4777, 0.5402 
287.1094, 5, 0.4657, 0.5280 
289.0625, 5, 0.4861, 0.5669 
291.0156, 5, 0.4751, 0.5704 
292.9688, 5, 0.4583, 0.5916 
294.9219, 5, 0.4608, 0.5654 
296.8750, 5, 0.4917, 0.5212 
298.8281, 5, 0.5144, 0.4708 
300.7812, 5, 0.5171, 0.4765 
302.7344, 5, -0.4982, 0.5148 
304.6875, 5, 0.4683, 0.5831 
306.6406, 5, 0.4618, 0.5492 
308.5938, 5, 0.4843, 0.5146 
310.5469, 5, 0.4931, 0.5359 
312.5000, 5, 0.4962, 0.5265 
314.4531, 5, 0.4951, 0.5174 
316.4062, 5, 0.4819, 0.5323 
318.3594, 5, -0.4746, 0.5044 
320.3125, 5, 0.4770, 0.5742 
322.2656, 5, 0.4739, 0.5858 
324.2188, 5, 0.4699, 0.5538 
326.1719, 5, -0.4708, 0.5680 
328.1250, 5, -0.4570, 0.5459 
330.0781, 5, 1.3571, 2.1163 
332.0312, 5, 0.4486, 0.5532 
333.9844, 5, 0.4611, 0.5577 
335.9375, 5, 0.4563, 0.5446 
337.8906, 5, 0.4720, 0.5479 
339.8438, 5, 0.4689, 0.5675 
341.7969, 5, 0.4436, 0.5761 
343.7500, 5, 0.4220, 0.6267 
345.7031, 5, 0.4163, 0.6261 
347.6562, 5, 0.4011, 0.6206 
349.6094, 5, 0.3953, 0.6383 
351.5625, 5, 0.3972, 0.6701 
353.5156, 5, 0.3992, 0.6788 
355.4688, 5, 0.3918, 0.6526 
357.4219, 5, 0.4049, 0.6538 
359.3750, 5, 0.4194, 0.6522 
361.3281, 5, 0.4103, 0.6271 
363.2812, 5, 0.3970, 0.5909 
365.2344, 5, 0.4101, 0.6518 
367.1875, 5, 0.3953, 0.6243 
369.1406, 5, 0.3986, 0.6537 
371.0938, 5, 0.0742, 0.1352 
373.0469, 5, 0.3899, 0.6754 
375.0000, 5, 0.3976, 0.6661 
376.9531, 5, 0.3876, 0.6464 
378.9062, 5, 0.0747, 0.1253 
380.8594, 5, 0.3847, 0.6657 
382.8125, 5, 0.3836, 0.6235 
384.7656, 5, -0.4226, 0.6679 
386.7188, 5, 0.4129, 0.6180 
388.6719, 5, -0.4253, 0.6395 
390.6250, 5, -0.4150, 0.6052 
392.5781, 5, 0.4101, 0.6278 
394.5312, 5, 0.4034, 0.6361 
396.4844, 5, 0.4190, 0.6475 
398.4375, 5, 0.4303, 0.5997 
400.3906, 5, 0.4423, 0.6062 
402.3438, 5, 0.4338, 0.6082 
404.2969, 5, -0.4395, 0.6245 
406.2500, 5, 0.4317, 0.5900 
408.2031, 5, -0.4415, 0.5714 
410.1562, 5, 0.4510, 0.5637 
412.1094, 5, 0.4621, 0.5668 
414.0625, 5, -0.4710, 0.5877 
416.0156, 5, 0.4395, 0.5917 
417.9688, 5, -0.4596, 0.6171 
419.9219, 5, 0.4329, 0.6103 
421.8750, 5, -0.4203, 0.5458 
423.8281, 5, -0.4165, 0.6058 
425.7812, 5, 0.4207, 0.6205 
427.7344, 5, 0.4209, 0.6432 
429.6875, 5, -0.4195, 0.6295 
431.6406, 5, 0.4170, 0.6458 
433.5938, 5, 0.4160, 0.6156 
435.5469, 5, -0.4171, 0.5967 
437.5000, 5, 0.4171, 0.6325 
439.4531, 5, 0.0676, 0.1229 
441.4062, 5, 0.4263, 0.6488 
443.3594, 5, -0.4066, 0.6758 
445.3125, 5, 0.3846, 0.6588 
447.2656, 5, -0.3663, 0.7095 
449.2188, 5, 0.3418, 0.7259 
451.1719, 5, 0.3440, 0.7613 
453.1250, 5, 0.3386, 0.7178 
455.0781, 5, -0.0812, 0.1538 
457.0312, 5, -0.3510, 0.7426 
458.9844, 5, 0.3646, 0.7292 
460.9375, 5, 0.3686, 0.7079 
462.8906, 5, 0.3727, 0.7194 
464.8438, 5, 0.3802, 0.7173 
466.7969, 5, -0.3659, 0.7083 
468.7500, 5, 0.6513, 1.4389 
470.7031, 5, -0.3486, 0.7369 
472.6562, 5, 0.3442, 0.6840 
474.6094, 5, -0.2883, 1.3185 
476.5625, 5, 0.0784, 0.1449 
478.5156, 5, 0.3461, 0.7177 
480.4688, 5, -0.3480, 0.7515 
482.4219, 5, 0.3596, 0.7752 
484.3750, 5, 0.3539, 0.6668 
486.3281, 5, 0.3724, 0.7041 
488.2812, 5, 0.0782, 0.1396 
490.2344, 5, 0.3760, 0.7395 
492.1875, 5, 0.3727, 0.7257 
494.1406, 5, 0.3680, 0.7419 
496.0938, 5, -0.3727, 0.7075 
498.0469, 5, 0.4084, 0.6339 
500.0000, 5, 0.4356, 0.6573 
501.9531, 5, 0.4030, 0.6398 
503.9062, 5, 0.3780, 0.6982 
505.8594, 5, 0.3515, 0.6441 
507.8125, 5, -0.3778, 0.6616 
509.7656, 5, 0.3832, 0.6573 
511.7188, 5, -0.3896, 0.7108 
513.6719, 5, 0.3805, 0.7016 
515.6250, 5, -0.3581, 0.6734 
517.5781, 5, 0.3664, 0.7595 
519.5312, 5, 0.3346, 0.7227 
521.4844, 5, 0.3233, 0.6919 
523.4375, 5, 0.3291, 0.7156 
525.3906, 5, -0.3345, 0.7655 
527.3438, 5, -0.3049, 0.7113 
529.2969, 5, 0.3189, 0.7962 
531.2500, 5, -0.3191, 0.7585 
533.2031, 5, 0.3307, 0.7690 
535.1562, 5, 0.3180, 0.7606 
537.1094, 5, 0.3192, 0.7447 
539.0625, 5, -0.3132, 0.7074 
541.0156, 5, 0.3101, 0.7454 
542.9688, 5, 0.3030, 0.8011 
544.9219, 5, -0.2959, 0.7757 
546.8750, 5, -0.2908, 0.8278 
548.8281, 5, 0.2859, 0.8609 
550.7812, 5, 0.2711, 0.7938 
552.7344, 5, 0.2791, 0.8554 
554.6875, 5, 0.2898, 0.9052 
556.6406, 5, 0.2930, 0.8646 
558.5938, 5, 0.2973, 0.8579 
560.5469, 5, 0.2956, 0.7944 
562.5000, 5, 0.3154, 0.8625 
564.4531, 5, 0.3065, 0.8075 
566.4062, 5, 0.3092, 0.8163 
568.3594, 5, -0.2921, 0.7854 
570.3125, 5, 0.2917, 0.8274 
572.2656, 5, 0.3048, 0.8539 
574.2188, 5, 0.3070, 0.7979 
576.1719, 5, 0.3144, 0.8405 
578.1250, 5, 0.3016, 0.8442 
580.0781, 5, 0.2938, 0.7954 
582.0312, 5, 0.3121, 0.8365 
583.9844, 5, 0.3122, 0.7360 
585.9375, 5, -0.3216, 0.7296 
587.8906, 5, -0.3261, 0.8201 
589.8438, 5, 0.3167, 0.7404 
591.7969, 5, 0.3174, 0.7754 
593.7500, 5, 0.3394, 2.9870 
595.7031, 5, 0.3015, 0.8467 
597.6562, 5, 0.2805, 0.7354 
599.6094, 5, 0.2769, 0.7089 
601.5625, 5, 0.2747, 0.7721 
603.5156, 5, 0.2838, 0.7997 
605.4688, 5, 0.2915, 0.7954 
607.4219, 5, 0.2971, 0.7833 
609.3750, 5, 0.3028, 0.8181 
611.3281, 5, 0.2922, 0.7295 
613.2812, 5, 0.2995, 0.8503 
615.2344, 5, 0.3126, 1.2500 
617.1875, 5, 0.2816, 0.7864 
619.1406, 5, 0.2653, 0.8179 
621.0938, 5, 0.0901, 0.1850 
623.0469, 5, 0.0902, 0.1823 
625.0000, 5, -0.2386, 0.8107 
626.9531, 5, 0.0892, 0.1975 
628.9062, 5, 0.2584, 0.9007 
630.8594, 5, 0.0896, 0.1905 
632.8125, 5, 0.2613, 0.8427 
634.7656, 5, 0.2798, 0.8789 
636.7188, 5, 0.2707, 0.7979 
638.6719, 5, -0.2586, 0.7758 
640.6250, 5, 0.0887, 0.1963 
642.5781, 5, 0.2520, 0.8950 
644.5312, 5, -0.2409, 0.9053 
646.4844, 5, 0.0913, 0.1982 
648.4375, 5, 0.0898, 0.1978 
650.3906, 5, 0.2328, 0.8521 
652.3438, 5, -0.2295, 0.8305 
654.2969, 5, 0.0893, 0.2044 
656.2500, 5, 0.2483, 0.8753 
658.2031, 5, -0.2576, 0.8628 
660.1562, 5, 0.2574, 0.8383 
662.1094, 5, 0.2636, 0.8464 
664.0625, 5, 0.2721, 0.8787 
666.0156, 5, 0.2608, 0.8529 
667.9688, 5, 0.0899, 0.1841 
669.9219, 5, 0.2471, 0.8736 
671.8750, 5, 0.1225, 3.3817 
673.8281, 5, 0.2435, 0.9228 
675.7812, 5, 0.2356, 0.8584 
677.7344, 5, 0.2327, 0.8856 
679.6875, 5, -0.0892, 0.2043 
681.6406, 5, 0.2317, 0.9112 
683.5938, 5, 0.2299, 0.8111 
685.5469, 5, -0.2267, 0.8646 
687.5000, 5, 0.2275, 0.9221 
689.4531, 5, 0.0906, 0.2099 
691.4062, 5, 0.0897, 0.2112 
693.3594, 5, 0.2142, 0.9523 
695.3125, 5, -0.2122, 1.0659 
697.2656, 5, 0.0876, 0.2171 
699.2188, 5, 0.1034, 3.9865 
701.1719, 5, -0.2036, 1.0563 
703.1250, 5, 0.1868, 0.8906 
705.0781, 5, 0.0884, 0.2377 
707.0312, 5, 0.0889, 0.2299 
708.9844, 5, 0.0888, 0.2235 
710.9375, 5, 0.0881, 0.2291 
712.8906, 5, 0.2021, 0.9211 
714.8438, 5, 0.2008, 0.8491 
716.7969, 5, 0.0883, 0.2261 
718.7500, 5, 0.2087, 1.0484 
720.7031, 5, 0.0901, 0.2142 
722.6562, 5, 0.2403, 0.8711 
724.6094, 5, 0.2660, 0.8391 
726.5625, 5, 0.2566, 0.8744 
728.5156, 5, 0.0898, 0.2061 
730.4688, 5, 0.0888, 0.2453 
732.4219, 5, 0.0880, 0.2375 
734.3750, 5, -0.1995, 0.8902 
736.3281, 5, 0.2006, 0.8992 
738.2812, 5, -0.2061, 0.9377 
740.2344, 5, 0.0890, 0.2349 
742.1875, 5, 0.0882, 0.2263 
744.1406, 5, -0.1942, 0.9602 
746.0938, 5, 0.0890, 0.2228 
748.0469, 5, 0.2094, 0.9933 
750.0000, 5, 0.0884, 0.2233 
751.9531, 5, 0.1846, 0.8438 
753.9062, 5, 0.0881, 0.2423 
755.8594, 5, 0.1829, 0.9388 
757.8125, 5, 0.1845, 0.9326 
759.7656, 5, 0.0882, 0.2419 
761.7188, 5, 0.0881, 0.2372 
763.6719, 5, 0.0878, 0.2452 
765.6250, 5, 0.0868, 0.2570 
767.5781, 5, 0.3025, 2.3016 
769.5312, 5, 0.0852, 0.2690 
771.4844, 5, 0.1666, 0.9927 
773.4375, 5, 0.1761, 1.0344 
775.3906, 5, 0.0868, 0.2443 
777.3438, 5, -0.1570, 0.9635 
779.2969, 5, 0.0864, 0.2733 
781.2500, 5, 0.0871, 0.2510 
783.2031, 5, 0.0868, 0.2772 
785.1562, 5, 0.0859, 0.2566 
787.1094, 5, 0.0879, 0.2568 
789.0625, 5, 0.0872, 0.2607 
791.0156, 5, 0.0858, 0.2734 
792.9688, 5, 0.0854, 0.2865 
794.9219, 5, 0.0839, 0.2752 
796.8750, 5, 0.0845, 0.2971 
798.8281, 5, 0.0856, 0.2738 
800.7812, 5, 0.0850, 0.2757 
802.7344, 5, 0.0834, 0.2971 
804.6875, 5, 0.0846, 0.2839 
806.6406, 5, 0.0837, 0.2996 
808.5938, 5, 0.0831, 0.2824 
810.5469, 5, 0.0831, 0.2901 
812.5000, 5, 0.0834, 0.3035 
814.4531, 5, 0.0821, 0.2957 
816.4062, 5, 0.0820, 0.3028 
818.3594, 5, 0.0799, 0.3143 
820.3125, 5, 0.0782, 0.3431 
822.2656, 5, 0.0792, 0.3253 
824.2188, 5, 0.0796, 0.3177 
826.1719, 5, 0.0810, 0.3176 
828.1250, 5, -0.0781, 0.3309 
830.0781, 5, 0.0784, 0.3600 
832.0312, 5, 0.0783, 0.3407 
833.9844, 5, 0.0782, 0.3495 
835.9375, 5, 0.0780, 0.3417 
837.8906, 5, 0.0763, 0.3572 
839.8438, 5, 0.0767, 0.3400 
841.7969, 5, 0.0775, 0.3502 
843.7500, 5, 0.0778, 0.3499 
845.7031, 5, 0.0754, 0.3719 
847.6562, 5, 0.0780, 0.3448 
849.6094, 5, 0.0782, 0.3518 
851.5625, 5, 0.0795, 0.3515 
853.5156, 5, 0.0752, 0.3811 
855.4688, 5, 0.0735, 0.3740 
857.4219, 5, 0.0755, 0.3977 
859.3750, 5, 0.0727, 0.3649 
861.3281, 5, -0.0740, 0.3878 
863.2812, 5, 0.0739, 0.4115 
865.2344, 5, 0.0733, 0.3918 
867.1875, 5, 0.0720, 0.3988 
869.1406, 5, 0.0723, 0.4161 
871.0938, 5, -0.0768, 0.3593 
873.0469, 5, 0.0810, 0.3009 
875.0000, 5, 0.0778, 1.5011 
876.9531, 5, 0.0802, 0.3006 
878.9062, 5, -0.0753, 0.3431 
880.8594, 5, 0.0722, 0.3945 
882.8125, 5, -0.1753, 0.8287 
884.7656, 5, 0.0741, 0.3770 
886.7188, 5, 0.0735, 0.4035 
888.6719, 5, 0.0723, 0.4366 
890.6250, 5, 0.0721, 0.4171 
892.5781, 5, 0.0701, 0.4251 
894.5312, 5, -0.0704, 0.4384 
896.4844, 5, 0.0744, 0.3902 
898.4375, 5, 0.0782, 0.3236 
900.3906, 5, 0.0794, 0.2957 
902.3438, 5, 0.0777, 0.3374 
904.2969, 5, 0.0761, 0.3882 
906.2500, 5, 0.0705, 0.4324 
908.2031, 5, 0.0902, 0.8341 
910.1562, 5, 0.0724, 0.4000 
912.1094, 5, 0.0730, 0.4311 
914.0625, 5, 0.0743, 0.3902 
916.0156, 5, 0.0747, 0.3706 
917.9688, 5, 0.0710, 0.4055 
919.9219, 5, 0.0730, 0.3932 
921.8750, 5, 0.0817, 0.3033 
923.8281, 5, 0.0847, 0.2554 
925.7812, 5, 0.0842, 0.2747 
927.7344, 5, 0.0434, 1.5763 
929.6875, 5, 0.0748, 0.4017 
931.6406, 5, 0.0716, 0.4151 
933.5938, 5, 0.0715, 0.3821 
935.5469, 5, -0.0723, 0.4071 
937.5000, 5, 0.1314, 1.2875 
939.4531, 5, 0.0717, 0.3922 
941.4062, 5, -0.1559, 1.4115 
943.3594, 5, 0.0710, 0.4361 
945.3125, 5, 0.0716, 0.3952 
947.2656, 5, 0.0801, 0.3121 
949.2188, 5, 0.0838, 0.2674 
951.1719, 5, 0.0841, 0.2755 
953.1250, 5, 0.0769, 0.3305 
955.0781, 5, -0.0720, 0.4213 
957.0312, 5, 0.0708, 0.4292 
958.9844, 5, -0.0722, 0.4138 
960.9375, 5, 0.0701, 0.4151 
962.8906, 5, 0.1516, 1.0012 
964.8438, 5, 0.0731, 0.3963 
966.7969, 5, 0.0724, 0.4266 
968.7500, 5, 0.0707, 0.4229 
970.7031, 5, -0.0746, 0.3927 
972.6562, 5, 0.0804, 0.3384 
974.6094, 5, 0.1873, 1.8294 
976.5625, 5, 0.0817, 0.3025 
978.5156, 5, 0.0781, 0.3315 
980.4688, 5, 0.0706, 0.4238 
982.4219, 5, 0.0721, 0.3921 
984.3750, 5, 0.0731, 0.3824 
986.3281, 5, 0.0717, 0.3993 
988.2812, 5, 0.0720, 0.4238 
990.2344, 5, -0.0620, 0.5523 
992.1875, 5, 0.0713, 0.3980 
994.1406, 5, 0.3058, 1.1932 
996.0938, 5, 0.2482, 1.0197 
998.0469, 5, 0.0823, 0.2851 
1000.0000, 5, 0.0678, 0.5276 
