0.0000,2,0.1497,181.3607  
1.9531,2,0.1778,1.2389  
3.9062,2,0.2243,13.8954  
5.8594,2,0.2494,3.8124  
7.8125,2,0.2485,4.9498  
9.7656,2,0.2410,2.4747  
11.7188,2,0.2448,2.1557  
13.6719,2,0.2510,1.6491  
15.6250,2,0.2446,3.2757  
17.5781,2,0.2361,1.2431  
19.5312,2,0.2531,0.9986  
21.4844,2,0.2931,5.0917  
23.4375,2,0.3189,3.8955  
25.3906,2,0.3091,2.4997  
27.3438,2,0.2713,1.2804  
29.2969,2,0.2318,1.1974  
31.2500,2,0.2152,1.0638  
33.2031,2,0.2146,1.2517  
35.1562,2,0.2138,1.5834  
37.1094,2,0.2103,1.3009  
39.0625,2,0.2084,1.3555  
41.0156,2,0.2071,1.2696  
42.9688,2,0.2035,1.2242  
44.9219,2,0.2002,1.2916  
46.8750,2,0.2006,1.2436  
48.8281,2,0.2028,1.6859  
50.7812,2,0.2026,1.6872  
52.7344,2,0.2006,1.0872  
54.6875,2,0.2004,1.3690  
56.6406,2,0.2036,1.1534  
58.5938,2,0.2077,1.1091  
60.5469,2,0.2103,1.4076  
62.5000,2,0.2115,1.6538  
64.4531,2,0.2127,1.2068  
66.4062,2,0.2112,1.0319  
68.3594,2,0.2080,1.2669  
70.3125,2,0.2088,1.0660  
72.2656,2,0.2158,1.2926  
74.2188,2,0.2227,0.9865  
76.1719,2,0.2223,1.0857  
78.1250,2,0.2153,1.2509  
80.0781,2,0.2108,1.1579  
82.0312,2,0.2128,1.2358  
83.9844,2,0.2169,1.0655  
85.9375,2,0.2194,1.6229  
87.8906,2,0.2205,1.6847  
89.8438,2,0.2213,1.2810  
91.7969,2,0.2208,1.1209  
93.7500,2,0.2202,1.2401  
95.7031,2,0.2217,1.0438  
97.6562,2,0.2244,1.2262  
99.6094,2,0.2262,1.0242  
101.5625,2,0.2267,1.0013  
103.5156,2,0.2274,1.1537  
105.4688,2,0.2299,1.1178  
107.4219,2,0.2360,1.1233  
109.3750,2,0.2467,1.0336  
111.3281,2,0.2580,1.3527  
113.2812,2,0.2660,1.1603  
115.2344,2,0.2706,1.0541  
117.1875,2,0.2756,1.0901  
119.1406,2,0.2797,1.2158  
121.0938,2,0.2824,1.1001  
123.0469,2,0.2883,1.1620  
125.0000,2,0.3003,1.1195  
126.9531,2,0.3124,1.0701  
128.9062,2,0.3249,0.9976  
130.8594,2,0.3620,1.1441  
132.8125,2,0.4498,1.3024  
134.7656,2,0.5741,1.4510  
136.7188,2,0.6999,1.4959  
138.6719,2,0.7979,1.4075  
140.6250,2,0.8586,1.3315  
142.5781,2,0.8851,1.2952  
144.5312,2,0.8836,1.2063  
146.4844,2,0.8680,1.1826  
148.4375,2,0.8493,1.2896  
150.3906,2,0.8372,1.2782  
152.3438,2,0.8423,1.2041  
154.2969,2,0.8734,1.3789  
156.2500,2,0.9210,1.2588  
158.2031,2,0.9743,1.3663  
160.1562,2,1.0231,1.3578  
162.1094,2,1.0593,1.4078  
164.0625,2,1.0742,1.0849  
166.0156,2,1.0681,1.2700  
167.9688,2,1.0514,1.1121  
169.9219,2,1.0346,1.3442  
171.8750,2,1.0230,1.1501  
173.8281,2,1.0219,1.2114  
175.7812,2,1.0367,1.2668  
177.7344,2,1.0635,1.4542  
179.6875,2,1.0973,1.4406  
181.6406,2,1.1268,1.4793  
183.5938,2,1.1422,1.4559  
185.5469,2,1.1398,1.3357  
187.5000,2,1.1182,1.3400  
189.4531,2,1.0822,1.3012  
191.4062,2,1.0380,1.2807  
193.3594,2,0.9984,1.1960  
195.3125,2,0.9701,1.3856  
197.2656,2,0.9618,1.2685  
199.2188,2,0.9711,1.2079  
201.1719,2,0.9933,1.2857  
203.1250,2,1.0345,1.2309  
205.0781,2,1.0808,1.2066  
207.0312,2,1.1317,1.2677  
208.9844,2,1.1753,1.1666  
210.9375,2,1.2038,1.3005  
212.8906,2,1.2070,1.3944  
214.8438,2,1.1874,1.3061  
216.7969,2,1.1522,1.4515  
218.7500,2,1.1125,1.3999  
220.7031,2,1.0790,1.3470  
222.6562,2,1.0667,1.2032  
224.6094,2,1.0690,1.2996  
226.5625,2,1.0854,1.2881  
228.5156,2,1.1124,1.3991  
230.4688,2,1.1450,1.2767  
232.4219,2,1.1778,1.3319  
234.3750,2,1.2033,1.2800  
236.3281,2,1.2110,1.4075  
238.2812,2,1.1969,1.2464  
240.2344,2,1.1637,1.3852  
242.1875,2,1.1192,1.2841  
244.1406,2,1.0794,1.2879  
246.0938,2,1.0473,1.2789  
248.0469,2,1.0292,1.2702  
250.0000,2,1.0267,1.2122  
251.9531,2,1.0413,1.3536  
253.9062,2,1.0717,1.2801  
255.8594,2,1.1109,1.2611  
257.8125,2,1.1516,1.2640  
259.7656,2,1.1849,1.3103  
261.7188,2,1.2090,1.3608  
263.6719,2,1.2101,1.2097  
265.6250,2,1.1935,1.1787  
267.5781,2,1.1641,1.3290  
269.5312,2,1.1337,1.2456  
271.4844,2,1.1077,1.1937  
273.4375,2,1.0973,1.3038  
275.3906,2,1.0977,1.3421  
277.3438,2,1.1100,1.2440  
279.2969,2,1.1324,1.4285  
281.2500,2,1.1609,1.3861  
283.2031,2,1.1887,1.4293  
285.1562,2,1.2074,1.3436  
287.1094,2,1.2105,1.2877  
289.0625,2,1.1943,1.1992  
291.0156,2,1.1598,1.2251  
292.9688,2,1.1150,1.3453  
294.9219,2,1.0772,1.4060  
296.8750,2,1.0599,1.1712  
298.8281,2,1.0603,1.1511  
300.7812,2,1.0528,1.1120  
302.7344,2,1.0357,1.2909  
304.6875,2,1.0276,1.3838  
306.6406,2,1.0384,1.3950  
308.5938,2,1.0610,1.2151  
310.5469,2,1.0777,1.2583  
312.5000,2,1.0820,1.2281  
314.4531,2,1.0744,1.4086  
316.4062,2,1.0569,1.3696  
318.3594,2,1.0357,1.3594  
320.3125,2,1.0151,1.2180  
322.2656,2,1.0018,1.1722  
324.2188,2,0.9996,1.3632  
326.1719,2,1.0064,1.3719  
328.1250,2,1.0217,1.3426  
330.0781,2,1.0420,1.3702  
332.0312,2,1.0659,1.3957  
333.9844,2,1.0854,1.2041  
335.9375,2,1.0954,1.2251  
337.8906,2,1.0891,1.2706  
339.8438,2,1.0664,1.3662  
341.7969,2,1.0345,1.3589  
343.7500,2,0.9987,1.2691  
345.7031,2,0.9642,1.3636  
347.6562,2,0.9359,1.2582  
349.6094,2,0.9168,1.1742  
351.5625,2,0.9077,1.2946  
353.5156,2,0.9092,1.4464  
355.4688,2,0.9202,1.3307  
357.4219,2,0.9350,1.1342  
359.3750,2,0.9522,1.0790  
361.3281,2,0.9609,1.2928  
363.2812,2,0.9550,1.1727  
365.2344,2,0.9388,1.1970  
367.1875,2,0.9118,1.1890  
369.1406,2,0.8841,1.0357  
371.0938,2,0.8581,1.2077  
373.0469,2,0.8384,1.1880  
375.0000,2,0.8324,1.2893  
376.9531,2,0.8336,1.4842  
378.9062,2,0.8408,1.5811  
380.8594,2,0.8586,1.5217  
382.8125,2,0.8818,1.3248  
384.7656,2,0.9053,1.1436  
386.7188,2,0.9203,1.2517  
388.6719,2,0.9216,1.1809  
390.6250,2,0.9110,1.4461  
392.5781,2,0.8919,1.2508  
394.5312,2,0.8681,1.2863  
396.4844,2,0.8482,1.3824  
398.4375,2,0.8422,1.4682  
400.3906,2,0.8454,2.1663  
402.3438,2,0.8538,2.6592  
404.2969,2,0.8664,2.4602  
406.2500,2,0.8853,1.9438  
408.2031,2,0.9058,1.3137  
410.1562,2,0.9303,1.3504  
412.1094,2,0.9488,1.1824  
414.0625,2,0.9539,1.3794  
416.0156,2,0.9467,1.2540  
417.9688,2,0.9302,1.3565  
419.9219,2,0.9076,1.3042  
421.8750,2,0.8819,1.4149  
423.8281,2,0.8584,1.5437  
425.7812,2,0.8408,1.4048  
427.7344,2,0.8331,1.2600  
429.6875,2,0.8349,1.2819  
431.6406,2,0.8430,1.2968  
433.5938,2,0.8518,1.2447  
435.5469,2,0.8510,1.1082  
437.5000,2,0.8433,1.3043  
439.4531,2,0.8194,1.2564  
441.4062,2,0.7894,1.2655  
443.3594,2,0.7616,1.3757  
445.3125,2,0.7375,1.3866  
447.2656,2,0.7124,1.2253  
449.2188,2,0.6869,1.2578  
451.1719,2,0.6692,1.1682  
453.1250,2,0.6705,1.1465  
455.0781,2,0.6894,1.4091  
457.0312,2,0.7159,1.2983  
458.9844,2,0.7403,1.2673  
460.9375,2,0.7548,1.1937  
462.8906,2,0.7551,1.1902  
464.8438,2,0.7409,1.1632  
466.7969,2,0.7135,1.0350  
468.7500,2,0.6872,1.0633  
470.7031,2,0.6695,1.3328  
472.6562,2,0.6624,1.0815  
474.6094,2,0.6600,1.0939  
476.5625,2,0.6566,1.2099  
478.5156,2,0.6567,1.1954  
480.4688,2,0.6709,1.1207  
482.4219,2,0.6940,1.2920  
484.3750,2,0.7157,1.1316  
486.3281,2,0.7299,1.3609  
488.2812,2,0.7325,1.2869  
490.2344,2,0.7242,1.2163  
492.1875,2,0.7075,1.2118  
494.1406,2,0.6904,1.3030  
496.0938,2,0.6844,1.1932  
498.0469,2,0.6876,1.0605  
500.0000,2,0.6935,1.0655  
501.9531,2,0.6924,1.1264  
503.9062,2,0.6913,1.0632  
505.8594,2,0.7009,1.1256  
507.8125,2,0.7206,1.1099  
509.7656,2,0.7401,1.1533  
511.7188,2,0.7500,1.1609  
513.6719,2,0.7470,1.2588  
515.6250,2,0.7375,1.2564  
517.5781,2,0.7231,1.3672  
519.5312,2,0.7079,1.2039  
521.4844,2,0.6944,1.2411  
523.4375,2,0.6866,1.1409  
525.3906,2,0.6832,1.1188  
527.3438,2,0.6834,1.2363  
529.2969,2,0.6877,1.2364  
531.2500,2,0.6980,1.2937  
533.2031,2,0.7113,1.2600  
535.1562,2,0.7197,1.5476  
537.1094,2,0.7186,1.2750  
539.0625,2,0.7071,1.3182  
541.0156,2,0.6876,1.3007  
542.9688,2,0.6646,1.1867  
544.9219,2,0.6426,1.1730  
546.8750,2,0.6281,1.2549  
548.8281,2,0.6205,1.1756  
550.7812,2,0.6211,1.1451  
552.7344,2,0.6279,1.1078  
554.6875,2,0.6400,1.1885  
556.6406,2,0.6580,1.0837  
558.5938,2,0.6762,1.2275  
560.5469,2,0.6901,1.1776  
562.5000,2,0.6960,1.2120  
564.4531,2,0.6903,1.0790  
566.4062,2,0.6755,1.2295  
568.3594,2,0.6569,1.1566  
570.3125,2,0.6393,1.1918  
572.2656,2,0.6267,1.1339  
574.2188,2,0.6194,1.2020  
576.1719,2,0.6156,1.1513  
578.1250,2,0.6206,1.2396  
580.0781,2,0.6312,1.2170  
582.0312,2,0.6486,1.3161  
583.9844,2,0.6673,1.2618  
585.9375,2,0.6821,1.3372  
587.8906,2,0.6876,1.2518  
589.8438,2,0.6835,0.9959  
591.7969,2,0.6718,1.2008  
593.7500,2,0.6555,1.3266  
595.7031,2,0.6383,1.1341  
597.6562,2,0.6252,1.2418  
599.6094,2,0.6188,1.3260  
601.5625,2,0.6172,1.2709  
603.5156,2,0.6209,1.2404  
605.4688,2,0.6295,1.1930  
607.4219,2,0.6422,1.0653  
609.3750,2,0.6562,1.1207  
611.3281,2,0.6650,1.1638  
613.2812,2,0.6672,1.1557  
615.2344,2,0.6605,1.1730  
617.1875,2,0.6469,1.2155  
619.1406,2,0.6299,1.1211  
621.0938,2,0.6161,1.1436  
623.0469,2,0.6093,1.2537  
625.0000,2,0.6083,1.1812  
626.9531,2,0.6107,1.0550  
628.9062,2,0.6179,1.1189  
630.8594,2,0.6304,1.2294  
632.8125,2,0.6458,1.2279  
634.7656,2,0.6591,1.2291  
636.7188,2,0.6637,1.1918  
638.6719,2,0.6595,1.2751  
640.6250,2,0.6472,1.1091  
642.5781,2,0.6292,1.1359  
644.5312,2,0.6105,1.2955  
646.4844,2,0.5943,1.2663  
648.4375,2,0.5855,1.2699  
650.3906,2,0.5860,1.1427  
652.3438,2,0.5912,1.1662  
654.2969,2,0.6034,1.2978  
656.2500,2,0.6181,1.1887  
658.2031,2,0.6349,1.2920  
660.1562,2,0.6470,1.2755  
662.1094,2,0.6490,1.2589  
664.0625,2,0.6409,1.3313  
666.0156,2,0.6227,1.1901  
667.9688,2,0.6028,1.2894  
669.9219,2,0.5817,1.2252  
671.8750,2,0.5653,1.1465  
673.8281,2,0.5546,1.3107  
675.7812,2,0.5499,1.3993  
677.7344,2,0.5507,1.2434  
679.6875,2,0.5583,1.2326  
681.6406,2,0.5715,1.1579  
683.5938,2,0.5827,1.1227  
685.5469,2,0.5884,1.1589  
687.5000,2,0.5844,1.2130  
689.4531,2,0.5725,1.0421  
691.4062,2,0.5563,1.1338  
693.3594,2,0.5349,1.2278  
695.3125,2,0.5153,1.2401  
697.2656,2,0.5003,1.1547  
699.2188,2,0.4908,1.2718  
701.1719,2,0.4855,1.2704  
703.1250,2,0.4844,1.1994  
705.0781,2,0.4883,1.2161  
707.0312,2,0.4963,1.3408  
708.9844,2,0.5055,1.1868  
710.9375,2,0.5119,1.3188  
712.8906,2,0.5141,1.4001  
714.8438,2,0.5089,1.2526  
716.7969,2,0.4982,1.2379  
718.7500,2,0.4866,1.2238  
720.7031,2,0.4788,1.1716  
722.6562,2,0.4752,1.1801  
724.6094,2,0.4742,1.1605  
726.5625,2,0.4737,1.1743  
728.5156,2,0.4761,1.0214  
730.4688,2,0.4823,1.2136  
732.4219,2,0.4915,1.2445  
734.3750,2,0.5008,1.3243  
736.3281,2,0.5060,1.7785  
738.2812,2,0.5043,2.0163  
740.2344,2,0.4960,1.2533  
742.1875,2,0.4833,1.1446  
744.1406,2,0.4692,1.1937  
746.0938,2,0.4574,1.2270  
748.0469,2,0.4486,1.1149  
750.0000,2,0.4417,1.2741  
751.9531,2,0.4398,1.1167  
753.9062,2,0.4401,1.0333  
755.8594,2,0.4442,1.0397  
757.8125,2,0.4506,1.1678  
759.7656,2,0.4556,1.1454  
761.7188,2,0.4584,2.0835  
763.6719,2,0.4570,2.0701  
765.6250,2,0.4495,1.2476  
767.5781,2,0.4381,1.2171  
769.5312,2,0.4263,1.2093  
771.4844,2,0.4177,1.2002  
773.4375,2,0.4116,0.9939  
775.3906,2,0.4073,1.3502  
777.3438,2,0.4059,1.0157  
779.2969,2,0.4078,1.1085  
781.2500,2,0.4133,1.0856  
783.2031,2,0.4219,1.1569  
785.1562,2,0.4294,1.1740  
787.1094,2,0.4328,1.3288  
789.0625,2,0.4290,1.1495  
791.0156,2,0.4205,1.0330  
792.9688,2,0.4080,1.1501  
794.9219,2,0.3959,0.9957  
796.8750,2,0.3871,0.9264  
798.8281,2,0.3804,1.0097  
800.7812,2,0.3731,0.9559  
802.7344,2,0.3650,1.0547  
804.6875,2,0.3602,1.1137  
806.6406,2,0.3598,1.1234  
808.5938,2,0.3624,1.0509  
810.5469,2,0.3650,1.1131  
812.5000,2,0.3637,1.4537  
814.4531,2,0.3579,1.2745  
816.4062,2,0.3485,1.1449  
818.3594,2,0.3378,1.2588  
820.3125,2,0.3271,1.1711  
822.2656,2,0.3178,1.1940  
824.2188,2,0.3100,1.1276  
826.1719,2,0.3058,1.1297  
828.1250,2,0.3038,1.1187  
830.0781,2,0.3045,1.2283  
832.0312,2,0.3064,1.2073  
833.9844,2,0.3086,1.2773  
835.9375,2,0.3090,1.2960  
837.8906,2,0.3057,1.4672  
839.8438,2,0.2985,1.3166  
841.7969,2,0.2892,1.1989  
843.7500,2,0.2789,1.0798  
845.7031,2,0.2708,1.0232  
847.6562,2,0.2673,1.0151  
849.6094,2,0.2656,0.9255  
851.5625,2,0.2624,0.9354  
853.5156,2,0.2584,1.1044  
855.4688,2,0.2566,1.1885  
857.4219,2,0.2591,1.0000  
859.3750,2,0.2628,1.0106  
861.3281,2,0.2646,1.4241  
863.2812,2,0.2631,1.3355  
865.2344,2,0.2592,0.9415  
867.1875,2,0.2527,1.1022  
869.1406,2,0.2457,1.1218  
871.0938,2,0.2406,1.0450  
873.0469,2,0.2381,1.1330  
875.0000,2,0.2387,1.5079  
876.9531,2,0.2380,1.1513  
878.9062,2,0.2380,1.1102  
880.8594,2,0.2406,1.1948  
882.8125,2,0.2452,1.2282  
884.7656,2,0.2494,1.0677  
886.7188,2,0.2518,1.1127  
888.6719,2,0.2512,1.2295  
890.6250,2,0.2479,1.1083  
892.5781,2,0.2422,1.0070  
894.5312,2,0.2372,1.0802  
896.4844,2,0.2342,0.9733  
898.4375,2,0.2329,1.2178  
900.3906,2,0.2315,1.3575  
902.3438,2,0.2309,0.9604  
904.2969,2,0.2326,1.0431  
906.2500,2,0.2362,1.1157  
908.2031,2,0.2405,1.1637  
910.1562,2,0.2440,1.1714  
912.1094,2,0.2453,1.6244  
914.0625,2,0.2439,1.3442  
916.0156,2,0.2400,1.1316  
917.9688,2,0.2348,1.0976  
919.9219,2,0.2306,1.1479  
921.8750,2,0.2285,1.0243  
923.8281,2,0.2283,1.3045  
925.7812,2,0.2288,0.9979  
927.7344,2,0.2292,0.9579  
929.6875,2,0.2304,0.9356  
931.6406,2,0.2333,1.0710  
933.5938,2,0.2380,1.0678  
935.5469,2,0.2423,1.2984  
937.5000,2,0.2440,1.9396  
939.4531,2,0.2424,1.3206  
941.4062,2,0.2382,1.0867  
943.3594,2,0.2331,1.0758  
945.3125,2,0.2299,0.8952  
947.2656,2,0.2292,1.1497  
949.2188,2,0.2293,1.6963  
951.1719,2,0.2285,1.4827  
953.1250,2,0.2275,1.0496  
955.0781,2,0.2281,1.0613  
957.0312,2,0.2313,1.0396  
958.9844,2,0.2357,0.9674  
960.9375,2,0.2390,1.2179  
962.8906,2,0.2392,1.4261  
964.8438,2,0.2368,1.1943  
966.7969,2,0.2329,0.9910  
968.7500,2,0.2281,1.0121  
970.7031,2,0.2239,1.0168  
972.6562,2,0.2218,1.1226  
974.6094,2,0.2218,1.3324  
976.5625,2,0.2222,1.0914  
978.5156,2,0.2244,1.1547  
980.4688,2,0.2278,1.1501  
982.4219,2,0.2325,1.0591  
984.3750,2,0.2370,1.2813  
986.3281,2,0.2405,2.0169  
988.2812,2,0.2418,2.5284  
990.2344,2,0.2399,1.3062  
992.1875,2,0.2351,0.9619  
994.1406,2,0.2317,1.5001  
996.0938,2,0.2350,1.1397  
998.0469,2,0.2408,25.1247  
