0.0000,1,0.1355,1.0690  
1.9531,1,0.0729,0.4166  
3.9062,1,0.0791,0.3414  
5.8594,1,0.0818,0.3170  
7.8125,1,0.0450,1.0338  
9.7656,1,0.0796,0.3561  
11.7188,1,0.1545,0.8375  
13.6719,1,0.0793,0.3436  
15.6250,1,0.0806,0.3388  
17.5781,1,0.0813,0.3004  
19.5312,1,0.2539,2.8982  
21.4844,1,0.1599,0.6135  
23.4375,1,0.3214,2.8061  
25.3906,1,0.0863,0.2458  
27.3438,1,0.3065,3.0697  
29.2969,1,0.0863,0.4394  
31.2500,1,0.0821,0.5131  
33.2031,1,0.1013,0.7535  
35.1562,1,0.1466,0.4766  
37.1094,1,0.1507,0.5234  
39.0625,1,0.1495,0.5561  
41.0156,1,0.1502,0.5051  
42.9688,1,0.1299,0.5962  
44.9219,1,0.1258,0.5867  
46.8750,1,0.1207,0.5221  
48.8281,1,0.1855,0.9676  
50.7812,1,-0.1066,0.6061  
52.7344,1,0.1052,0.6105  
54.6875,1,0.6416,1.6395  
56.6406,1,0.1112,0.6574  
58.5938,1,0.1170,0.6221  
60.5469,1,0.1372,0.5532  
62.5000,1,0.1436,0.5574  
64.4531,1,0.2190,1.0268  
66.4062,1,0.1450,0.5212  
68.3594,1,0.1504,0.5270  
70.3125,1,0.1479,0.5268  
72.2656,1,0.1467,0.4892  
74.2188,1,0.1537,0.4536  
76.1719,1,0.1508,0.4675  
78.1250,1,0.1465,0.4821  
80.0781,1,0.1413,0.5251  
82.0312,1,0.1426,0.5256  
83.9844,1,-0.1351,0.5227  
85.9375,1,-0.1206,0.5869  
87.8906,1,0.1239,0.5908  
89.8438,1,0.1184,0.5736  
91.7969,1,-0.1660,1.9397  
93.7500,1,0.2644,1.4917  
95.7031,1,-0.1058,0.6467  
97.6562,1,0.1117,0.5738  
99.6094,1,0.1159,0.5763  
101.5625,1,0.1125,0.5805  
103.5156,1,-0.0995,0.6497  
105.4688,1,0.2268,1.6604  
107.4219,1,0.1003,0.6592  
109.3750,1,-0.1053,0.6051  
111.3281,1,0.1132,0.6018  
113.2812,1,-0.1136,0.5887  
115.2344,1,0.1180,0.5760  
117.1875,1,0.1211,0.5346  
119.1406,1,0.1273,0.5502  
121.0938,1,-0.1291,0.5109  
123.0469,1,0.1281,0.4872  
125.0000,1,0.1332,0.5010  
126.9531,1,0.1309,0.5249  
128.9062,1,0.2299,0.9873  
130.8594,1,0.1346,0.4601  
132.8125,1,0.1377,0.4417  
134.7656,1,0.1441,0.4149  
136.7188,1,0.1529,0.3323  
138.6719,1,0.3059,0.9383  
140.6250,1,0.4005,0.9155  
142.5781,1,0.4023,3.5623  
144.5312,1,0.4733,0.8895  
146.4844,1,-0.4612,0.8654  
148.4375,1,-0.4545,0.9206  
150.3906,1,0.4475,0.8910  
152.3438,1,0.4315,0.8939  
154.2969,1,-0.4477,0.9889  
156.2500,1,0.7030,1.5964  
158.2031,1,0.4359,0.9630  
160.1562,1,0.4294,0.9215  
162.1094,1,-0.4189,0.8735  
164.0625,1,0.4136,0.9270  
166.0156,1,0.3907,0.9398  
167.9688,1,0.3743,0.9435  
169.9219,1,0.3718,1.0289  
171.8750,1,0.1428,0.2430  
173.8281,1,0.1416,0.2552  
175.7812,1,-0.3401,0.8902  
177.7344,1,-0.3471,1.0078  
179.6875,1,0.4231,1.6022  
181.6406,1,0.3683,0.9003  
183.5938,1,0.3929,0.8711  
185.5469,1,-0.4167,0.8790  
187.5000,1,-0.4241,0.8415  
189.4531,1,0.4500,0.8888  
191.4062,1,0.6007,1.0564  
193.3594,1,0.3836,1.8281  
195.3125,1,0.6907,1.4051  
197.2656,1,0.5044,0.8777  
199.2188,1,-4.3989,2.7020  
201.1719,1,0.5473,0.8700  
203.1250,1,0.5594,0.7974  
205.0781,1,0.6114,0.8261  
207.0312,1,0.6210,0.7933  
208.9844,1,0.6615,0.8277  
210.9375,1,0.6392,0.8303  
212.8906,1,-0.5901,0.7864  
214.8438,1,0.5506,0.7710  
216.7969,1,0.5258,0.8304  
218.7500,1,0.4855,0.8578  
220.7031,1,0.4424,0.8597  
222.6562,1,0.4332,1.7072  
224.6094,1,0.4273,1.0072  
226.5625,1,0.3948,0.9534  
228.5156,1,0.3791,0.9742  
230.4688,1,0.3755,0.9761  
232.4219,1,0.3690,0.8961  
234.3750,1,-0.3829,1.0090  
236.3281,1,0.3903,1.0534  
238.2812,1,0.3690,1.0015  
240.2344,1,0.3461,0.9288  
242.1875,1,-0.3430,1.0443  
244.1406,1,0.3219,0.9739  
246.0938,1,0.3267,1.0585  
248.0469,1,0.7802,2.0126  
250.0000,1,-0.3639,0.9884  
251.9531,1,0.3769,1.0098  
253.9062,1,0.3739,0.9720  
255.8594,1,0.3765,0.9384  
257.8125,1,0.3992,0.8953  
259.7656,1,0.4498,1.0022  
261.7188,1,0.4704,0.9287  
263.6719,1,0.4692,0.8974  
265.6250,1,0.4721,0.8829  
267.5781,1,0.4740,0.8440  
269.5312,1,0.4800,0.8765  
271.4844,1,-0.4771,0.8941  
273.4375,1,0.4906,0.9264  
275.3906,1,0.5085,0.8895  
277.3438,1,0.5030,0.8597  
279.2969,1,0.5112,0.8786  
281.2500,1,-0.5016,0.8810  
283.2031,1,0.4946,0.8446  
285.1562,1,0.4914,0.8314  
287.1094,1,0.4927,0.9411  
289.0625,1,0.4509,0.8915  
291.0156,1,-0.4447,0.8871  
292.9688,1,0.4162,0.9280  
294.9219,1,-0.6708,1.4288  
296.8750,1,0.4147,0.8647  
298.8281,1,0.4920,0.9675  
300.7812,1,0.4609,0.8390  
302.7344,1,0.4027,0.9919  
304.6875,1,0.3059,0.9676  
306.6406,1,-0.4285,2.3345  
308.5938,1,0.3073,0.9396  
310.5469,1,0.3185,1.0180  
312.5000,1,-0.4566,1.9438  
314.4531,1,0.3127,0.9264  
316.4062,1,0.3052,1.0209  
318.3594,1,-0.2743,0.9001  
320.3125,1,-0.2821,0.9753  
322.2656,1,0.3016,0.9875  
324.2188,1,-0.3038,1.0119  
326.1719,1,0.3053,1.0115  
328.1250,1,-0.3140,1.0646  
330.0781,1,-0.3113,0.9055  
332.0312,1,0.3498,1.0533  
333.9844,1,0.3712,0.9765  
335.9375,1,-0.3916,0.9617  
337.8906,1,0.3936,0.8993  
339.8438,1,0.4415,3.1288  
341.7969,1,0.4057,0.9362  
343.7500,1,0.4186,1.0575  
345.7031,1,0.3911,0.9027  
347.6562,1,0.3963,0.9730  
349.6094,1,-0.3752,0.9164  
351.5625,1,-0.3656,0.9674  
353.5156,1,0.3686,1.0013  
355.4688,1,-0.3502,0.9265  
357.4219,1,0.3572,0.9371  
359.3750,1,-0.3778,0.9071  
361.3281,1,0.4011,1.0007  
363.2812,1,0.5497,2.5563  
365.2344,1,-0.3579,0.9754  
367.1875,1,0.2597,4.5958  
369.1406,1,0.2865,1.1056  
371.0938,1,0.1528,0.2979  
373.0469,1,0.2584,0.9609  
375.0000,1,-0.3044,3.0875  
376.9531,1,0.2513,1.0381  
378.9062,1,-0.2192,0.9184  
380.8594,1,0.2187,0.9694  
382.8125,1,-0.2284,1.0155  
384.7656,1,-0.2363,1.0642  
386.7188,1,0.2433,1.0702  
388.6719,1,0.2479,1.0617  
390.6250,1,-0.2427,0.9940  
392.5781,1,0.2282,0.9191  
394.5312,1,-0.2297,1.0237  
396.4844,1,0.2499,1.0209  
398.4375,1,-0.2784,0.9424  
400.3906,1,0.2946,0.9143  
402.3438,1,0.2813,0.9240  
404.2969,1,-0.2611,0.9033  
406.2500,1,0.2710,1.0563  
408.2031,1,-0.3047,1.1415  
410.1562,1,0.3203,1.0736  
412.1094,1,2.1578,3.4162  
414.0625,1,-0.3167,0.9281  
416.0156,1,0.3167,0.9325  
417.9688,1,-0.3404,1.6805  
419.9219,1,0.3054,0.9885  
421.8750,1,0.2841,0.9420  
423.8281,1,0.2710,0.8888  
425.7812,1,-0.2596,0.8954  
427.7344,1,0.2510,0.9148  
429.6875,1,0.2455,1.0131  
431.6406,1,-0.2436,1.0005  
433.5938,1,-0.2406,1.0039  
435.5469,1,0.2260,0.9198  
437.5000,1,-0.2182,0.9582  
439.4531,1,0.2149,1.0493  
441.4062,1,0.1528,0.3641  
443.3594,1,0.1948,0.9811  
445.3125,1,0.1897,0.9615  
447.2656,1,0.1498,0.3629  
449.2188,1,0.1479,0.3725  
451.1719,1,0.1813,0.9663  
453.1250,1,0.1728,0.8129  
455.0781,1,0.1452,0.4011  
457.0312,1,-0.1815,1.2415  
458.9844,1,-0.1852,0.9887  
460.9375,1,0.1882,1.0285  
462.8906,1,0.1500,0.3733  
464.8438,1,0.1836,1.0264  
466.7969,1,-0.3288,4.6888  
468.7500,1,0.1491,0.3853  
470.7031,1,0.1503,0.3789  
472.6562,1,0.1527,0.3517  
474.6094,1,0.2186,1.0125  
476.5625,1,0.2216,1.1022  
478.5156,1,0.1974,1.0336  
480.4688,1,0.6447,6.5526  
482.4219,1,0.1509,0.3495  
484.3750,1,0.1529,0.3291  
486.3281,1,0.4099,2.0189  
488.2812,1,-0.1902,2.5096  
490.2344,1,0.2035,0.9332  
492.1875,1,0.1979,1.0599  
494.1406,1,0.1497,0.3808  
496.0938,1,0.2093,1.0602  
498.0469,1,0.2652,0.9965  
500.0000,1,0.3025,1.1625  
501.9531,1,0.2718,1.2003  
503.9062,1,-0.2034,1.8695  
505.8594,1,0.1415,0.4239  
507.8125,1,0.1621,0.9888  
509.7656,1,0.1436,0.4085  
511.7188,1,0.1635,1.1355  
513.6719,1,0.5050,7.6869  
515.6250,1,0.1404,0.4289  
517.5781,1,0.1385,0.4307  
519.5312,1,0.1341,0.4756  
521.4844,1,0.1320,1.0741  
523.4375,1,-0.1306,0.4828  
525.3906,1,-0.1298,1.0485  
527.3438,1,0.1329,0.4892  
529.2969,1,0.1287,0.9784  
531.2500,1,-0.1326,0.4909  
533.2031,1,0.1403,1.1640  
535.1562,1,-0.1428,0.9675  
537.1094,1,0.1348,0.4508  
539.0625,1,-0.1435,0.9301  
541.0156,1,-0.1461,1.0830  
542.9688,1,0.1360,0.4505  
544.9219,1,0.1350,0.4641  
546.8750,1,0.1362,0.4576  
548.8281,1,0.1363,0.4557  
550.7812,1,0.1367,0.4598  
552.7344,1,0.1383,0.4595  
554.6875,1,0.1343,0.4571  
556.6406,1,0.1373,0.4594  
558.5938,1,0.1522,1.0218  
560.5469,1,0.1420,0.4233  
562.5000,1,0.1504,0.9732  
564.4531,1,0.1392,0.4423  
566.4062,1,0.1368,0.4655  
568.3594,1,-0.1336,0.4740  
570.3125,1,-0.1302,0.4652  
572.2656,1,0.1928,2.6233  
574.2188,1,0.1396,0.4372  
576.1719,1,0.1907,0.5949  
578.1250,1,-0.1316,1.1102  
580.0781,1,0.1288,0.4964  
582.0312,1,0.1255,1.1127  
583.9844,1,0.1319,0.4902  
585.9375,1,-0.1326,0.9835  
587.8906,1,0.1334,0.4701  
589.8438,1,-0.1286,0.4843  
591.7969,1,0.1256,0.4906  
593.7500,1,-0.1241,0.5001  
595.7031,1,0.1266,0.5331  
597.6562,1,0.1244,0.5109  
599.6094,1,-0.5266,1.3621  
601.5625,1,0.1308,0.5015  
603.5156,1,0.1271,0.5186  
605.4688,1,0.1764,1.4346  
607.4219,1,-0.2029,1.0661  
609.3750,1,0.1291,0.4965  
611.3281,1,0.1299,0.4987  
613.2812,1,0.1307,0.5016  
615.2344,1,0.1304,0.4925  
617.1875,1,-0.1294,0.5134  
619.1406,1,0.1273,0.5030  
621.0938,1,0.1260,0.5359  
623.0469,1,0.1261,0.5193  
625.0000,1,0.2481,1.3872  
626.9531,1,0.1224,0.5261  
628.9062,1,0.1220,0.5397  
630.8594,1,0.0906,1.2202  
632.8125,1,-0.1254,0.5343  
634.7656,1,0.2797,1.3739  
636.7188,1,0.1281,0.5160  
638.6719,1,0.1247,0.5004  
640.6250,1,0.1226,0.5103  
642.5781,1,0.1234,0.5386  
644.5312,1,-0.1515,1.4517  
646.4844,1,0.2157,1.2308  
648.4375,1,0.1195,0.5409  
650.3906,1,0.1222,0.5306  
652.3438,1,0.1206,0.5214  
654.2969,1,0.1165,0.5654  
656.2500,1,0.1142,0.6157  
658.2031,1,0.1160,0.5610  
660.1562,1,-0.1179,0.5631  
662.1094,1,0.1159,0.5362  
664.0625,1,0.4493,1.4311  
666.0156,1,-0.1144,0.5761  
667.9688,1,0.1106,0.5937  
669.9219,1,-0.1090,0.5930  
671.8750,1,-0.1163,0.5328  
673.8281,1,0.1252,0.4849  
675.7812,1,0.1290,0.4880  
677.7344,1,0.1178,0.5332  
679.6875,1,-0.1749,1.2439  
681.6406,1,0.1089,0.6028  
683.5938,1,0.1105,0.5774  
685.5469,1,0.1979,1.1195  
687.5000,1,0.1774,1.8495  
689.4531,1,0.2585,1.4314  
691.4062,1,0.1115,0.6112  
693.3594,1,-0.1051,0.5911  
695.3125,1,0.1032,0.6298  
697.2656,1,0.1055,0.6281  
699.2188,1,0.1065,0.6454  
701.1719,1,-0.1011,0.5980  
703.1250,1,0.1039,0.6374  
705.0781,1,-0.1008,0.6477  
707.0312,1,-0.1047,0.6421  
708.9844,1,-0.1036,0.6279  
710.9375,1,0.1046,0.6426  
712.8906,1,0.1700,2.3939  
714.8438,1,-0.1352,1.0494  
716.7969,1,0.0997,0.6842  
718.7500,1,0.0917,0.6648  
720.7031,1,0.0918,0.6707  
722.6562,1,0.2434,1.7593  
724.6094,1,0.0966,0.7000  
726.5625,1,-0.0943,0.6969  
728.5156,1,0.2194,1.6881  
730.4688,1,0.0932,0.7399  
732.4219,1,0.1042,1.9497  
734.3750,1,-0.1138,0.8354  
736.3281,1,0.0952,0.6481  
738.2812,1,0.1365,0.9604  
740.2344,1,0.0973,0.6805  
742.1875,1,0.1761,2.2654  
744.1406,1,0.3469,1.6965  
746.0938,1,0.0949,0.6979  
748.0469,1,0.0983,0.6339  
750.0000,1,0.3868,1.6495  
751.9531,1,0.0936,0.6679  
753.9062,1,0.1613,2.3293  
755.8594,1,0.1995,1.3079  
757.8125,1,0.0932,0.7322  
759.7656,1,-0.2490,1.7771  
761.7188,1,-0.1206,1.2802  
763.6719,1,0.0893,0.6957  
765.6250,1,0.2698,1.9204  
767.5781,1,0.0878,0.7270  
769.5312,1,0.0827,0.7263  
771.4844,1,0.4833,2.0289  
773.4375,1,-0.0877,0.7421  
775.3906,1,-0.0881,0.7089  
777.3438,1,0.0825,0.7453  
779.2969,1,0.2967,1.8438  
781.2500,1,0.0800,0.7777  
783.2031,1,0.2564,1.6900  
785.1562,1,0.0844,0.7651  
787.1094,1,0.0856,0.7907  
789.0625,1,0.3348,2.2400  
791.0156,1,0.0816,0.7726  
792.9688,1,-0.0803,0.7913  
794.9219,1,-0.0749,0.7346  
796.8750,1,0.0760,0.7585  
798.8281,1,0.0819,0.7230  
800.7812,1,0.4982,1.9737  
802.7344,1,-0.0946,0.8335  
804.6875,1,0.0776,0.7871  
806.6406,1,0.0765,0.7818  
808.5938,1,0.1326,1.2442  
810.5469,1,-0.0819,0.7994  
812.5000,1,0.0779,0.7886  
814.4531,1,-0.0786,0.7748  
816.4062,1,0.1681,1.7937  
818.3594,1,0.0715,0.7994  
820.3125,1,0.0764,0.8199  
822.2656,1,-0.0856,0.7257  
824.2188,1,0.0877,0.6646  
826.1719,1,0.0864,0.7645  
828.1250,1,0.0760,0.7792  
830.0781,1,-0.0691,0.8402  
832.0312,1,0.0717,2.1402  
833.9844,1,0.0753,0.8631  
835.9375,1,-0.0722,0.8027  
837.8906,1,0.0735,0.8442  
839.8438,1,0.0748,0.8435  
841.7969,1,0.0722,0.8079  
843.7500,1,0.0680,0.8309  
845.7031,1,-0.0736,0.7910  
847.6562,1,0.0904,0.7152  
849.6094,1,0.1014,0.6576  
851.5625,1,0.0935,0.6843  
853.5156,1,0.0809,0.8764  
855.4688,1,0.1716,2.1347  
857.4219,1,0.0666,0.8442  
859.3750,1,0.0687,0.8318  
861.3281,1,0.0690,0.8355  
863.2812,1,0.0667,0.7973  
865.2344,1,0.0709,0.9129  
867.1875,1,0.0665,0.8630  
869.1406,1,0.0669,0.9543  
871.0938,1,0.1112,1.1103  
873.0469,1,0.1453,2.1043  
875.0000,1,0.1081,0.6698  
876.9531,1,0.1008,0.6865  
878.9062,1,0.0783,0.7940  
880.8594,1,-0.4499,2.6666  
882.8125,1,0.1447,1.8947  
884.7656,1,0.0705,0.8308  
886.7188,1,0.0676,0.8269  
888.6719,1,0.0681,0.8336  
890.6250,1,0.0719,0.8460  
892.5781,1,0.0649,0.8295  
894.5312,1,0.0619,0.8405  
896.4844,1,0.1352,1.2913  
898.4375,1,0.1846,2.2834  
900.3906,1,0.0817,0.7220  
902.3438,1,-0.0768,0.8261  
904.2969,1,0.0657,0.8386  
906.2500,1,0.0619,0.8619  
908.2031,1,0.1121,2.5879  
910.1562,1,-0.0383,3.2492  
912.1094,1,0.0647,0.8400  
914.0625,1,-0.0684,0.9084  
916.0156,1,0.0672,0.8504  
917.9688,1,0.0654,0.8462  
919.9219,1,0.0634,0.8537  
921.8750,1,0.3790,2.1916  
923.8281,1,0.0800,0.7276  
925.7812,1,0.0813,0.7271  
927.7344,1,0.0743,0.7513  
929.6875,1,0.0641,0.8447  
931.6406,1,0.0646,0.8988  
933.5938,1,0.0668,0.8215  
935.5469,1,0.0651,0.8073  
937.5000,1,-0.0965,1.2564  
939.4531,1,0.2214,2.4598  
941.4062,1,0.0682,2.4996  
943.3594,1,0.0621,0.8590  
945.3125,1,0.0655,0.8984  
947.2656,1,-0.0166,3.1313  
949.2188,1,0.2162,2.0841  
951.1719,1,0.0829,0.7429  
953.1250,1,0.0745,0.7787  
955.0781,1,0.2352,2.0283  
957.0312,1,0.0625,0.8564  
958.9844,1,0.1066,1.1607  
960.9375,1,0.0693,0.8190  
962.8906,1,0.0721,0.9458  
964.8438,1,0.1312,2.3982  
966.7969,1,0.0197,3.1960  
968.7500,1,0.0638,0.8458  
970.7031,1,0.2108,1.7885  
972.6562,1,0.0894,0.7417  
974.6094,1,0.0974,0.6942  
976.5625,1,0.0920,0.7363  
978.5156,1,0.0755,0.8625  
980.4688,1,0.0627,0.8769  
982.4219,1,0.0642,0.8546  
984.3750,1,0.0680,0.8726  
986.3281,1,-0.0645,0.8587  
988.2812,1,0.0660,0.8516  
990.2344,1,0.2142,1.8182  
992.1875,1,0.0661,0.8571  
994.1406,1,0.3213,2.3665  
996.0938,1,0.4725,2.3586  
998.0469,1,0.0887,0.8329  
1000.0000,1,0.0549,1.4895  
