0.0000,13,0.0103,495.3557  
1.9531,13,0.0662,207.0631  
3.9062,13,0.1046,225.2610  
5.8594,13,0.1107,75.7136  
7.8125,13,0.0982,14.7409  
9.7656,13,0.1030,4.3515  
11.7188,13,0.1242,7.5839  
13.6719,13,0.1270,20.0293  
15.6250,13,0.1024,5.7324  
17.5781,13,0.1039,1.4631  
19.5312,13,0.1785,9.7853  
21.4844,13,0.2652,60.9467  
23.4375,13,0.3105,45.7114  
25.3906,13,0.2955,90.2195  
27.3438,13,0.2519,232.5717  
29.2969,13,0.1919,116.9076  
31.2500,13,0.1201,6.5639  
33.2031,13,0.0840,3.7337  
35.1562,13,0.0923,1.2003  
37.1094,13,0.1001,4.5489  
39.0625,13,0.0948,11.1705  
41.0156,13,0.0866,3.9830  
42.9688,13,0.0899,2.3137  
44.9219,13,0.1062,10.6803  
46.8750,13,0.1248,15.4024  
48.8281,13,0.1353,2.1325  
50.7812,13,0.1293,19.5925  
52.7344,13,0.1161,10.1873  
54.6875,13,0.0953,1.5615  
56.6406,13,0.0806,3.9906  
58.5938,13,0.0769,3.5778  
60.5469,13,0.0788,5.6909  
62.5000,13,0.0799,7.0111  
64.4531,13,0.0793,6.7679  
66.4062,13,0.0779,3.1158  
68.3594,13,0.0778,2.2369  
70.3125,13,0.0815,1.8599  
72.2656,13,0.0897,1.0900  
74.2188,13,0.0980,3.8190  
76.1719,13,0.1008,2.4025  
78.1250,13,0.0964,2.6286  
80.0781,13,0.0881,5.3195  
82.0312,13,0.0819,2.3857  
83.9844,13,0.0812,3.4222  
85.9375,13,0.0836,5.2917  
87.8906,13,0.0854,6.9055  
89.8438,13,0.0848,7.1610  
91.7969,13,0.0824,2.8957  
93.7500,13,0.0812,2.5094  
95.7031,13,0.0837,1.8785  
97.6562,13,0.0891,1.7841  
99.6094,13,0.0932,1.2219  
101.5625,13,0.0932,1.1976  
103.5156,13,0.0899,1.8720  
105.4688,13,0.0874,4.7839  
107.4219,13,0.0880,3.3184  
109.3750,13,0.0900,4.5470  
111.3281,13,0.0911,4.7360  
113.2812,13,0.0917,2.7387  
115.2344,13,0.0927,2.4700  
117.1875,13,0.0942,2.6560  
119.1406,13,0.0953,3.0498  
121.0938,13,0.0985,2.9019  
123.0469,13,0.1061,2.3900  
125.0000,13,0.1158,1.4259  
126.9531,13,0.1218,1.7605  
128.9062,13,0.1248,3.3712  
130.8594,13,0.1376,3.7313  
132.8125,13,0.1749,5.5683  
134.7656,13,0.2306,7.5673  
136.7188,13,0.2881,7.8499  
138.6719,13,0.3352,8.1245  
140.6250,13,0.3646,8.1636  
142.5781,13,0.3770,9.1355  
144.5312,13,0.3770,11.4798  
146.4844,13,0.3690,11.3020  
148.4375,13,0.3625,11.4726  
150.3906,13,0.3622,11.5259  
152.3438,13,0.3708,13.2431  
154.2969,13,0.3834,12.2026  
156.2500,13,0.4007,13.4440  
158.2031,13,0.4155,11.3680  
160.1562,13,0.4321,15.4702  
162.1094,13,0.4390,15.2469  
164.0625,13,0.4381,15.2468  
166.0156,13,0.4316,16.1632  
167.9688,13,0.4211,15.2529  
169.9219,13,0.4116,14.0013  
171.8750,13,0.4045,11.0979  
173.8281,13,0.4016,8.9891  
175.7812,13,0.4040,10.3418  
177.7344,13,0.4075,12.3806  
179.6875,13,0.4110,10.9227  
181.6406,13,0.4198,11.4923  
183.5938,13,0.4303,11.7614  
185.5469,13,0.4377,10.7386  
187.5000,13,0.4382,8.2331  
189.4531,13,0.4386,10.9762  
191.4062,13,0.4302,11.1114  
193.3594,13,0.4170,8.8296  
195.3125,13,0.4070,10.1082  
197.2656,13,0.3986,10.1700  
199.2188,13,0.3946,10.1245  
201.1719,13,0.3954,10.2121  
203.1250,13,0.3996,9.3076  
205.0781,13,0.4075,9.3377  
207.0312,13,0.4171,9.6237  
208.9844,13,0.4240,8.2345  
210.9375,13,0.4288,8.1475  
212.8906,13,0.4298,9.3568  
214.8438,13,0.4235,8.5180  
216.7969,13,0.4131,7.2110  
218.7500,13,0.4032,7.6878  
220.7031,13,0.3930,7.0901  
222.6562,13,0.3834,4.6880  
224.6094,13,0.3799,4.4608  
226.5625,13,0.3824,6.3851  
228.5156,13,0.3838,5.7111  
230.4688,13,0.3903,6.7611  
232.4219,13,0.3988,6.9920  
234.3750,13,0.4082,6.0535  
236.3281,13,0.4161,5.7891  
238.2812,13,0.4179,5.9924  
240.2344,13,0.4115,5.1641  
242.1875,13,0.4035,4.9246  
244.1406,13,0.3999,5.0046  
246.0938,13,0.4024,4.6749  
248.0469,13,0.4081,4.1075  
250.0000,13,0.4121,3.9008  
251.9531,13,0.4118,4.1394  
253.9062,13,0.4107,4.7626  
255.8594,13,0.4136,4.7902  
257.8125,13,0.4229,4.4645  
259.7656,13,0.4360,4.5700  
261.7188,13,0.4448,4.1624  
263.6719,13,0.4452,3.6285  
265.6250,13,0.4384,3.6819  
267.5781,13,0.4274,3.4979  
269.5312,13,0.4167,3.0221  
271.4844,13,0.4102,3.1842  
273.4375,13,0.4053,2.7007  
275.3906,13,0.4010,2.6433  
277.3438,13,0.3972,2.7606  
279.2969,13,0.3956,3.1367  
281.2500,13,0.3981,3.2733  
283.2031,13,0.4043,3.1333  
285.1562,13,0.4112,3.1956  
287.1094,13,0.4138,3.3984  
289.0625,13,0.4083,3.7300  
291.0156,13,0.3957,3.9034  
292.9688,13,0.3828,3.6010  
294.9219,13,0.3783,3.4742  
296.8750,13,0.3816,2.2022  
298.8281,13,0.3846,1.3726  
300.7812,13,0.3808,1.5275  
302.7344,13,0.3686,1.9011  
304.6875,13,0.3563,2.5490  
306.6406,13,0.3531,2.9994  
308.5938,13,0.3595,2.8982  
310.5469,13,0.3686,2.9592  
312.5000,13,0.3729,3.0293  
314.4531,13,0.3699,2.9263  
316.4062,13,0.3620,3.2729  
318.3594,13,0.3518,3.3311  
320.3125,13,0.3411,3.3330  
322.2656,13,0.3312,2.8896  
324.2188,13,0.3243,2.9976  
326.1719,13,0.3214,2.9892  
328.1250,13,0.3229,3.1760  
330.0781,13,0.3272,3.1141  
332.0312,13,0.3320,2.7720  
333.9844,13,0.3395,3.1545  
335.9375,13,0.3443,2.9772  
337.8906,13,0.3458,3.0455  
339.8438,13,0.3417,3.0793  
341.7969,13,0.3337,3.3548  
343.7500,13,0.3241,3.4235  
345.7031,13,0.3153,3.5096  
347.6562,13,0.3087,3.2844  
349.6094,13,0.3050,3.1979  
351.5625,13,0.3045,3.2426  
353.5156,13,0.3069,3.1772  
355.4688,13,0.3121,3.0665  
357.4219,13,0.3188,2.8917  
359.3750,13,0.3252,2.8869  
361.3281,13,0.3287,2.9789  
363.2812,13,0.3282,3.3236  
365.2344,13,0.3222,3.0728  
367.1875,13,0.3124,2.8930  
369.1406,13,0.3022,2.9319  
371.0938,13,0.2929,2.7905  
373.0469,13,0.2864,2.8084  
375.0000,13,0.2820,2.7525  
376.9531,13,0.2796,2.6394  
378.9062,13,0.2794,2.5792  
380.8594,13,0.2811,2.3673  
382.8125,13,0.2846,2.4038  
384.7656,13,0.2875,2.4743  
386.7188,13,0.2882,2.6544  
388.6719,13,0.2854,2.7725  
390.6250,13,0.2789,2.7637  
392.5781,13,0.2706,2.8465  
394.5312,13,0.2624,2.7868  
396.4844,13,0.2560,2.5283  
398.4375,13,0.2518,2.6656  
400.3906,13,0.2497,2.8880  
402.3438,13,0.2497,3.0868  
404.2969,13,0.2520,3.1961  
406.2500,13,0.2566,3.2092  
408.2031,13,0.2624,2.9712  
410.1562,13,0.2676,2.9131  
412.1094,13,0.2704,2.9688  
414.0625,13,0.2697,2.8962  
416.0156,13,0.2654,2.6951  
417.9688,13,0.2590,2.8319  
419.9219,13,0.2521,3.1315  
421.8750,13,0.2465,3.1888  
423.8281,13,0.2433,3.0753  
425.7812,13,0.2426,3.1342  
427.7344,13,0.2445,2.6957  
429.6875,13,0.2487,2.6353  
431.6406,13,0.2544,2.7382  
433.5938,13,0.2592,2.7730  
435.5469,13,0.2606,2.6504  
437.5000,13,0.2566,2.5320  
439.4531,13,0.2481,2.7885  
441.4062,13,0.2369,2.6294  
443.3594,13,0.2249,2.6739  
445.3125,13,0.2132,2.6534  
447.2656,13,0.2018,2.6321  
449.2188,13,0.1915,2.4380  
451.1719,13,0.1848,2.6080  
453.1250,13,0.1827,2.5122  
455.0781,13,0.1847,2.5322  
457.0312,13,0.1891,2.6517  
458.9844,13,0.1950,2.4786  
460.9375,13,0.2017,2.8752  
462.8906,13,0.2074,2.8306  
464.8438,13,0.2108,2.8989  
466.7969,13,0.2115,2.7967  
468.7500,13,0.2101,2.6176  
470.7031,13,0.2078,2.4927  
472.6562,13,0.2054,2.3572  
474.6094,13,0.2037,2.2990  
476.5625,13,0.2031,2.2685  
478.5156,13,0.2040,2.3833  
480.4688,13,0.2061,2.4373  
482.4219,13,0.2090,2.6219  
484.3750,13,0.2119,2.4706  
486.3281,13,0.2137,2.3560  
488.2812,13,0.2125,2.3525  
490.2344,13,0.2076,2.5755  
492.1875,13,0.2014,2.7028  
494.1406,13,0.1993,2.5415  
496.0938,13,0.2045,1.6409  
498.0469,13,0.2129,1.1970  
500.0000,13,0.2166,1.7223  
501.9531,13,0.2121,1.1653  
503.9062,13,0.2023,1.7318  
505.8594,13,0.1947,2.5187  
507.8125,13,0.1940,2.3499  
509.7656,13,0.1973,2.3176  
511.7188,13,0.1987,2.3801  
513.6719,13,0.1953,2.4094  
515.6250,13,0.1886,2.3729  
517.5781,13,0.1816,2.3348  
519.5312,13,0.1756,2.5056  
521.4844,13,0.1705,2.3028  
523.4375,13,0.1669,1.9564  
525.3906,13,0.1653,1.7583  
527.3438,13,0.1659,1.9847  
529.2969,13,0.1681,2.0626  
531.2500,13,0.1715,2.3761  
533.2031,13,0.1752,2.3913  
535.1562,13,0.1783,2.1464  
537.1094,13,0.1794,2.3133  
539.0625,13,0.1772,2.4847  
541.0156,13,0.1722,2.2912  
542.9688,13,0.1663,2.2028  
544.9219,13,0.1612,2.2430  
546.8750,13,0.1572,2.2161  
548.8281,13,0.1543,2.2280  
550.7812,13,0.1519,2.1500  
552.7344,13,0.1507,2.1697  
554.6875,13,0.1509,2.1842  
556.6406,13,0.1526,2.2026  
558.5938,13,0.1548,2.1466  
560.5469,13,0.1566,2.2420  
562.5000,13,0.1565,2.3150  
564.4531,13,0.1543,2.1490  
566.4062,13,0.1512,2.1100  
568.3594,13,0.1480,2.1301  
570.3125,13,0.1463,2.0487  
572.2656,13,0.1462,2.0216  
574.2188,13,0.1468,2.0054  
576.1719,13,0.1470,2.1140  
578.1250,13,0.1467,2.0645  
580.0781,13,0.1471,2.2524  
582.0312,13,0.1496,2.2215  
583.9844,13,0.1529,2.2642  
585.9375,13,0.1555,2.4375  
587.8906,13,0.1556,2.5519  
589.8438,13,0.1533,2.4358  
591.7969,13,0.1493,2.1561  
593.7500,13,0.1451,2.3313  
595.7031,13,0.1412,2.2987  
597.6562,13,0.1384,2.2813  
599.6094,13,0.1367,2.0733  
601.5625,13,0.1362,2.4009  
603.5156,13,0.1364,2.3231  
605.4688,13,0.1371,2.2400  
607.4219,13,0.1382,2.3075  
609.3750,13,0.1394,2.3386  
611.3281,13,0.1398,2.4234  
613.2812,13,0.1384,2.4180  
615.2344,13,0.1355,2.3343  
617.1875,13,0.1313,2.1924  
619.1406,13,0.1274,2.0321  
621.0938,13,0.1241,2.0813  
623.0469,13,0.1218,1.9796  
625.0000,13,0.1206,2.1335  
626.9531,13,0.1209,2.0293  
628.9062,13,0.1225,1.9807  
630.8594,13,0.1251,1.9599  
632.8125,13,0.1277,1.9608  
634.7656,13,0.1295,2.0231  
636.7188,13,0.1297,2.4158  
638.6719,13,0.1279,2.5725  
640.6250,13,0.1244,2.2735  
642.5781,13,0.1199,2.1237  
644.5312,13,0.1155,2.1787  
646.4844,13,0.1119,2.0437  
648.4375,13,0.1094,2.1008  
650.3906,13,0.1083,1.8894  
652.3438,13,0.1084,1.8531  
654.2969,13,0.1096,1.9138  
656.2500,13,0.1116,1.9032  
658.2031,13,0.1139,1.9108  
660.1562,13,0.1158,2.2260  
662.1094,13,0.1166,2.8884  
664.0625,13,0.1156,2.7883  
666.0156,13,0.1131,1.9167  
667.9688,13,0.1098,1.8836  
669.9219,13,0.1066,2.0563  
671.8750,13,0.1043,2.2399  
673.8281,13,0.1028,3.3169  
675.7812,13,0.1019,3.5558  
677.7344,13,0.1015,2.3850  
679.6875,13,0.1017,2.0188  
681.6406,13,0.1028,2.1086  
683.5938,13,0.1042,2.0316  
685.5469,13,0.1049,2.1492  
687.5000,13,0.1047,2.3605  
689.4531,13,0.1032,2.2097  
691.4062,13,0.1009,1.9809  
693.3594,13,0.0985,1.8307  
695.3125,13,0.0963,1.7099  
697.2656,13,0.0946,1.6757  
699.2188,13,0.0937,1.7194  
701.1719,13,0.0936,1.6966  
703.1250,13,0.0945,1.6579  
705.0781,13,0.0962,1.8533  
707.0312,13,0.0984,1.9305  
708.9844,13,0.1006,2.0623  
710.9375,13,0.1022,1.9194  
712.8906,13,0.1025,1.9087  
714.8438,13,0.1016,2.1972  
716.7969,13,0.0996,2.0314  
718.7500,13,0.0976,2.2216  
720.7031,13,0.0959,2.1152  
722.6562,13,0.0948,3.6785  
724.6094,13,0.0938,6.2770  
726.5625,13,0.0931,4.4675  
728.5156,13,0.0928,2.4458  
730.4688,13,0.0932,2.2351  
732.4219,13,0.0941,2.0625  
734.3750,13,0.0952,2.5638  
736.3281,13,0.0961,7.5616  
738.2812,13,0.0957,8.9833  
740.2344,13,0.0941,3.5363  
742.1875,13,0.0916,2.0840  
744.1406,13,0.0905,2.4827  
746.0938,13,0.0924,2.2639  
748.0469,13,0.0959,14.4928  
750.0000,13,0.0979,47.0927  
751.9531,13,0.0965,22.1925  
753.9062,13,0.0929,2.3309  
755.8594,13,0.0901,2.8361  
757.8125,13,0.0900,2.2310  
759.7656,13,0.0917,2.9417  
761.7188,13,0.0926,2.8559  
763.6719,13,0.0915,2.4777  
765.6250,13,0.0893,2.5829  
767.5781,13,0.0873,2.2685  
769.5312,13,0.0857,3.2462  
771.4844,13,0.0846,2.2543  
773.4375,13,0.0841,8.8570  
775.3906,13,0.0842,13.7954  
777.3438,13,0.0846,3.6206  
779.2969,13,0.0848,2.6618  
781.2500,13,0.0849,2.5966  
783.2031,13,0.0855,2.1472  
785.1562,13,0.0868,2.4018  
787.1094,13,0.0875,2.5977  
789.0625,13,0.0865,2.6190  
791.0156,13,0.0844,2.3522  
792.9688,13,0.0824,2.2232  
794.9219,13,0.0820,2.5753  
796.8750,13,0.0825,4.4315  
798.8281,13,0.0825,9.5484  
800.7812,13,0.0814,8.5277  
802.7344,13,0.0798,3.6429  
804.6875,13,0.0787,2.5255  
806.6406,13,0.0789,2.5849  
808.5938,13,0.0799,2.3503  
810.5469,13,0.0810,3.4961  
812.5000,13,0.0811,5.6303  
814.4531,13,0.0804,4.4785  
816.4062,13,0.0788,2.6801  
818.3594,13,0.0772,2.7663  
820.3125,13,0.0761,2.8355  
822.2656,13,0.0756,3.2633  
824.2188,13,0.0754,4.6218  
826.1719,13,0.0752,4.6211  
828.1250,13,0.0748,3.0503  
830.0781,13,0.0747,2.8443  
832.0312,13,0.0753,2.7351  
833.9844,13,0.0766,2.8162  
835.9375,13,0.0779,2.8762  
837.8906,13,0.0782,3.1473  
839.8438,13,0.0774,2.8018  
841.7969,13,0.0757,2.4555  
843.7500,13,0.0739,2.7104  
845.7031,13,0.0725,2.4944  
847.6562,13,0.0715,2.3473  
849.6094,13,0.0708,2.8708  
851.5625,13,0.0704,2.8031  
853.5156,13,0.0706,2.7615  
855.4688,13,0.0715,3.0969  
857.4219,13,0.0730,2.6942  
859.3750,13,0.0747,2.5205  
861.3281,13,0.0761,2.4772  
863.2812,13,0.0767,2.6596  
865.2344,13,0.0762,2.7221  
867.1875,13,0.0748,2.8483  
869.1406,13,0.0731,2.8912  
871.0938,13,0.0715,2.8429  
873.0469,13,0.0705,3.0110  
875.0000,13,0.0701,3.2524  
876.9531,13,0.0703,3.1332  
878.9062,13,0.0712,2.6400  
880.8594,13,0.0726,2.8017  
882.8125,13,0.0742,2.7595  
884.7656,13,0.0757,3.0432  
886.7188,13,0.0766,3.2808  
888.6719,13,0.0764,3.3027  
890.6250,13,0.0750,2.8355  
892.5781,13,0.0731,2.3519  
894.5312,13,0.0714,2.3522  
896.4844,13,0.0701,2.6312  
898.4375,13,0.0694,3.0005  
900.3906,13,0.0692,3.1692  
902.3438,13,0.0696,2.9955  
904.2969,13,0.0705,2.9525  
906.2500,13,0.0720,3.2979  
908.2031,13,0.0737,3.1029  
910.1562,13,0.0752,3.5143  
912.1094,13,0.0760,3.5998  
914.0625,13,0.0759,3.4888  
916.0156,13,0.0748,2.9833  
917.9688,13,0.0731,2.7635  
919.9219,13,0.0713,2.7886  
921.8750,13,0.0700,2.6259  
923.8281,13,0.0693,2.4504  
925.7812,13,0.0693,2.5053  
927.7344,13,0.0700,2.6208  
929.6875,13,0.0712,2.6198  
931.6406,13,0.0728,2.8269  
933.5938,13,0.0743,2.8730  
935.5469,13,0.0754,2.9873  
937.5000,13,0.0758,2.9115  
939.4531,13,0.0751,2.8255  
941.4062,13,0.0737,2.8078  
943.3594,13,0.0722,2.9165  
945.3125,13,0.0712,2.8024  
947.2656,13,0.0709,2.8781  
949.2188,13,0.0710,2.5629  
951.1719,13,0.0712,2.5442  
953.1250,13,0.0713,2.6442  
955.0781,13,0.0716,3.1676  
957.0312,13,0.0726,3.1235  
958.9844,13,0.0742,2.6723  
960.9375,13,0.0757,3.1397  
962.8906,13,0.0764,3.3226  
964.8438,13,0.0758,3.0239  
966.7969,13,0.0742,2.6957  
968.7500,13,0.0725,2.9961  
970.7031,13,0.0717,2.6502  
972.6562,13,0.0717,2.9601  
974.6094,13,0.0720,3.2632  
976.5625,13,0.0719,3.3443  
978.5156,13,0.0717,2.6808  
980.4688,13,0.0719,2.8652  
982.4219,13,0.0729,2.8889  
984.3750,13,0.0745,3.2159  
986.3281,13,0.0759,3.3038  
988.2812,13,0.0764,3.7315  
990.2344,13,0.0755,4.5492  
992.1875,13,0.0739,3.0582  
994.1406,13,0.0730,5.9592  
996.0938,13,0.0737,2.5169  
998.0469,13,0.0753,97.2306  
1000.0000,13,0.0380,478.7608  
