0.0000,5,0.0185,2.1724  
1.9531,5,0.0761,0.4079  
3.9062,5,0.0847,0.2710  
5.8594,5,0.0850,0.2627  
7.8125,5,0.0852,0.2686  
9.7656,5,0.0841,0.2733  
11.7188,5,0.0859,0.2577  
13.6719,5,0.0864,0.2669  
15.6250,5,0.0853,0.2835  
17.5781,5,0.3231,2.4291  
19.5312,5,0.0869,0.2489  
21.4844,5,0.3531,2.5568  
23.4375,5,0.3945,2.2556  
25.3906,5,0.4302,2.0677  
27.3438,5,0.0903,0.2250  
29.2969,5,0.0930,0.3231  
31.2500,5,0.0902,0.4074  
33.2031,5,0.1453,0.6070  
35.1562,5,0.4312,2.4045  
37.1094,5,0.1559,0.3979  
39.0625,5,0.1550,0.3967  
41.0156,5,0.1540,0.3778  
42.9688,5,0.1345,0.5047  
44.9219,5,0.1411,0.4450  
46.8750,5,0.2298,1.8395  
48.8281,5,0.4217,5.7548  
50.7812,5,0.3267,3.9945  
52.7344,5,-1.2166,5.9909  
54.6875,5,0.1573,0.8068  
56.6406,5,0.9015,1.6468  
58.5938,5,0.1315,0.4740  
60.5469,5,0.1471,0.4243  
62.5000,5,0.1459,0.4370  
64.4531,5,0.1431,0.4498  
66.4062,5,0.1487,0.4119  
68.3594,5,0.1545,0.3944  
70.3125,5,-0.1498,0.4357  
72.2656,5,0.1840,1.3495  
74.2188,5,0.1523,0.4088  
76.1719,5,0.1518,0.4026  
78.1250,5,0.1477,0.4214  
80.0781,5,0.1463,0.4347  
82.0312,5,0.1440,0.4514  
83.9844,5,0.1315,0.4904  
85.9375,5,0.1251,0.4949  
87.8906,5,0.1325,0.4836  
89.8438,5,0.1240,0.5041  
91.7969,5,0.1110,0.5694  
93.7500,5,-0.1123,0.5741  
95.7031,5,0.1206,0.5502  
97.6562,5,0.1227,0.5053  
99.6094,5,0.1262,0.4789  
101.5625,5,0.1403,1.0985  
103.5156,5,0.1192,0.5337  
105.4688,5,0.1140,0.5769  
107.4219,5,-0.1152,0.5741  
109.3750,5,-0.1241,0.5486  
111.3281,5,0.1271,0.5137  
113.2812,5,-0.1253,0.5165  
115.2344,5,0.3495,1.0637  
117.1875,5,0.1341,0.4687  
119.1406,5,0.2746,1.2551  
121.0938,5,-0.1342,0.4494  
123.0469,5,0.1422,0.4193  
125.0000,5,0.1626,1.1562  
126.9531,5,0.1388,0.4436  
128.9062,5,-0.6162,1.2578  
130.8594,5,0.1426,0.4227  
132.8125,5,0.1464,0.4023  
134.7656,5,-0.2086,0.9400  
136.7188,5,0.2924,0.9584  
138.6719,5,0.3927,0.9455  
140.6250,5,0.4630,1.0103  
142.5781,5,0.4733,0.8634  
144.5312,5,0.4904,0.8993  
146.4844,5,0.4833,0.8319  
148.4375,5,-0.5129,0.8867  
150.3906,5,0.4898,0.8142  
152.3438,5,0.4910,0.8493  
154.2969,5,-0.5021,0.8361  
156.2500,5,0.5315,0.8967  
158.2031,5,0.5589,0.8629  
160.1562,5,-0.5725,0.8602  
162.1094,5,0.5813,0.8392  
164.0625,5,0.5759,0.8069  
166.0156,5,0.5821,0.8439  
167.9688,5,0.5697,0.8200  
169.9219,5,0.5643,0.8180  
171.8750,5,-0.5562,0.8187  
173.8281,5,0.5500,0.7872  
175.7812,5,0.5638,0.8420  
177.7344,5,0.5707,0.8377  
179.6875,5,0.5576,0.7941  
181.6406,5,-0.5794,0.8380  
183.5938,5,0.5863,0.8239  
185.5469,5,0.5889,0.7979  
187.5000,5,0.5900,0.8077  
189.4531,5,-0.5848,0.8253  
191.4062,5,0.5504,0.8033  
193.3594,5,0.5484,0.8425  
195.3125,5,0.5328,0.8226  
197.2656,5,0.5560,1.4150  
199.2188,5,0.5354,0.8134  
201.1719,5,-0.5389,0.8657  
203.1250,5,-0.5339,0.8254  
205.0781,5,0.5304,0.8191  
207.0312,5,0.5542,0.8625  
208.9844,5,0.5640,0.8291  
210.9375,5,-0.6591,1.4859  
212.8906,5,0.5479,0.7912  
214.8438,5,-0.5617,0.8312  
216.7969,5,-0.5443,0.8432  
218.7500,5,-0.5301,0.8401  
220.7031,5,0.5213,0.8815  
222.6562,5,0.5294,0.8695  
224.6094,5,0.5413,0.8421  
226.5625,5,0.5660,0.8929  
228.5156,5,0.5402,0.8482  
230.4688,5,0.5513,0.8907  
232.4219,5,0.5675,0.8727  
234.3750,5,0.5782,0.8460  
236.3281,5,0.5674,0.7890  
238.2812,5,0.5811,0.8278  
240.2344,5,-0.5730,0.8410  
242.1875,5,0.5651,0.8581  
244.1406,5,0.5469,0.7980  
246.0938,5,0.5335,0.7949  
248.0469,5,0.5671,0.9016  
250.0000,5,0.5418,0.8529  
251.9531,5,0.5524,0.8990  
253.9062,5,0.5473,0.8379  
255.8594,5,0.5451,0.7846  
257.8125,5,-0.5641,0.8269  
259.7656,5,0.5898,0.8266  
261.7188,5,0.5839,0.8068  
263.6719,5,0.5786,0.8530  
265.6250,5,0.5606,0.8063  
267.5781,5,0.5483,0.8349  
269.5312,5,-0.5211,0.8646  
271.4844,5,0.5181,0.8845  
273.4375,5,0.4960,0.8043  
275.3906,5,0.5231,0.9079  
277.3438,5,0.5099,0.8661  
279.2969,5,0.5200,0.8966  
281.2500,5,0.5050,0.8219  
283.2031,5,0.5287,0.8746  
285.1562,5,0.5422,0.8570  
287.1094,5,-0.5304,0.8421  
289.0625,5,0.5454,0.8614  
291.0156,5,0.5252,0.8328  
292.9688,5,2.4342,2.3349  
294.9219,5,0.4989,0.8574  
296.8750,5,0.5357,0.8198  
298.8281,5,0.6073,0.7815  
300.7812,5,0.6223,0.7988  
302.7344,5,0.5736,0.8714  
304.6875,5,-0.5114,0.8863  
306.6406,5,0.7110,1.9007  
308.5938,5,0.5254,0.8018  
310.5469,5,0.5702,0.8705  
312.5000,5,0.5606,0.8329  
314.4531,5,-0.5623,0.8026  
316.4062,5,0.5686,0.8294  
318.3594,5,0.9560,1.3263  
320.3125,5,-0.5412,0.9165  
322.2656,5,0.5180,0.8663  
324.2188,5,0.5093,0.8933  
326.1719,5,0.5056,0.8500  
328.1250,5,0.5091,0.8578  
330.0781,5,0.5049,0.8841  
332.0312,5,0.5138,0.9283  
333.9844,5,0.4956,0.7942  
335.9375,5,0.5235,0.9269  
337.8906,5,0.5029,0.8506  
339.8438,5,-0.5028,0.8805  
341.7969,5,0.4725,0.9103  
343.7500,5,0.4520,0.9202  
345.7031,5,0.4283,0.9383  
347.6562,5,0.4077,0.8670  
349.6094,5,0.4000,0.9028  
351.5625,5,0.3928,0.9295  
353.5156,5,0.3971,0.9384  
355.4688,5,0.4120,1.0078  
357.4219,5,0.1311,0.2090  
359.3750,5,0.4262,0.9273  
361.3281,5,-0.4312,0.9417  
363.2812,5,-0.4162,0.9240  
365.2344,5,0.1283,0.2312  
367.1875,5,0.3994,0.9101  
369.1406,5,-0.3928,0.8972  
371.0938,5,0.3916,0.9189  
373.0469,5,-0.7466,1.8060  
375.0000,5,0.3849,0.8728  
376.9531,5,0.4005,0.9770  
378.9062,5,-0.3959,0.9583  
380.8594,5,-0.3924,0.9424  
382.8125,5,0.3904,0.9005  
384.7656,5,0.6599,1.4348  
386.7188,5,-0.4250,0.9418  
388.6719,5,0.4286,0.8952  
390.6250,5,-0.4334,0.9163  
392.5781,5,0.4273,0.9356  
394.5312,5,0.4190,0.9943  
396.4844,5,0.4422,1.0442  
398.4375,5,0.4440,0.8511  
400.3906,5,0.6958,1.2237  
402.3438,5,-0.4723,0.9305  
404.2969,5,2.5499,2.5109  
406.2500,5,0.4591,0.8831  
408.2031,5,0.4709,0.8371  
410.1562,5,-0.4928,0.8482  
412.1094,5,0.5008,0.8692  
414.0625,5,0.4839,0.7862  
416.0156,5,0.5025,0.9114  
417.9688,5,0.4816,0.8950  
419.9219,5,0.4623,0.8964  
421.8750,5,0.4480,0.8801  
423.8281,5,0.4451,0.9156  
425.7812,5,0.4323,0.9116  
427.7344,5,0.4301,0.9810  
429.6875,5,0.4201,0.9007  
431.6406,5,0.4249,0.9306  
433.5938,5,0.4313,0.9100  
435.5469,5,0.4504,0.9346  
437.5000,5,0.4303,0.8859  
439.4531,5,-0.4261,0.9057  
441.4062,5,0.4261,0.9023  
443.3594,5,-0.4089,0.9239  
445.3125,5,0.3908,0.9253  
447.2656,5,0.3642,0.9937  
449.2188,5,0.3283,0.9437  
451.1719,5,0.3214,0.9425  
453.1250,5,-0.7050,2.2122  
455.0781,5,-0.3232,0.9637  
457.0312,5,0.3361,1.0376  
458.9844,5,0.3443,0.9912  
460.9375,5,-0.3593,1.0157  
462.8906,5,0.3754,1.0842  
464.8438,5,-0.3639,0.9700  
466.7969,5,-0.3448,0.9197  
468.7500,5,-0.7184,1.8405  
470.7031,5,1.0739,4.5027  
472.6562,5,-0.3499,1.0062  
474.6094,5,0.3516,0.9471  
476.5625,5,0.3359,0.9318  
478.5156,5,0.3259,0.9866  
480.4688,5,0.3171,0.9039  
482.4219,5,0.3331,0.9917  
484.3750,5,2.0242,4.4216  
486.3281,5,0.3448,0.9125  
488.2812,5,-0.3569,0.9725  
490.2344,5,0.3709,1.0113  
492.1875,5,0.3614,0.9861  
494.1406,5,0.3506,1.0572  
496.0938,5,0.3706,1.0120  
498.0469,5,0.4114,0.9219  
500.0000,5,-0.4235,0.8385  
501.9531,5,0.4074,0.9052  
503.9062,5,0.3599,0.9299  
505.8594,5,0.3454,0.9030  
507.8125,5,0.4980,1.7225  
509.7656,5,0.3792,0.9576  
511.7188,5,0.3877,1.0305  
513.6719,5,0.3662,0.9536  
515.6250,5,0.3472,0.9679  
517.5781,5,0.3369,1.0309  
519.5312,5,0.3140,1.0159  
521.4844,5,0.3131,0.9592  
523.4375,5,0.3192,1.0273  
525.3906,5,0.3094,0.9009  
527.3438,5,0.3097,1.0108  
529.2969,5,-0.3019,1.0567  
531.2500,5,0.2860,0.8464  
533.2031,5,0.2961,0.8703  
535.1562,5,0.3108,1.0034  
537.1094,5,0.3096,1.0499  
539.0625,5,0.3047,1.0014  
541.0156,5,-0.3263,1.8034  
542.9688,5,0.2843,1.0659  
544.9219,5,0.2666,0.8955  
546.8750,5,0.2624,0.9571  
548.8281,5,0.2588,0.9592  
550.7812,5,0.2532,1.0332  
552.7344,5,0.2487,0.9539  
554.6875,5,0.2501,0.9415  
556.6406,5,0.2570,0.9412  
558.5938,5,0.2686,1.0965  
560.5469,5,0.1509,0.2845  
562.5000,5,0.2789,1.0545  
564.4531,5,0.2717,0.9542  
566.4062,5,-0.2735,1.0013  
568.3594,5,0.2653,0.9384  
570.3125,5,0.2644,0.9914  
572.2656,5,0.2731,1.0315  
574.2188,5,0.2738,0.9516  
576.1719,5,0.2698,0.9211  
578.1250,5,-0.2683,1.0298  
580.0781,5,0.2653,0.9350  
582.0312,5,0.1286,5.1152  
583.9844,5,0.2922,0.9994  
585.9375,5,0.2866,0.9070  
587.8906,5,0.2951,0.9885  
589.8438,5,0.3837,2.6485  
591.7969,5,0.3212,1.1518  
593.7500,5,0.2785,0.9565  
595.7031,5,0.2660,0.9926  
597.6562,5,0.2639,0.9812  
599.6094,5,0.2622,0.9997  
601.5625,5,0.2576,0.9888  
603.5156,5,0.1534,0.2799  
605.4688,5,0.4418,2.5840  
607.4219,5,0.1524,0.2915  
609.3750,5,0.3340,2.0719  
611.3281,5,0.2741,0.9976  
613.2812,5,0.2759,1.0836  
615.2344,5,0.2623,1.0268  
617.1875,5,0.2493,0.9446  
619.1406,5,0.2360,1.0096  
621.0938,5,-0.0077,5.8067  
623.0469,5,0.2248,1.0198  
625.0000,5,0.2220,1.0394  
626.9531,5,0.1508,0.3351  
628.9062,5,-0.2248,0.9715  
630.8594,5,0.2288,0.9859  
632.8125,5,0.2338,0.9581  
634.7656,5,-0.6568,2.6191  
636.7188,5,0.2447,1.0090  
638.6719,5,-0.2429,1.0470  
640.6250,5,0.1551,0.3253  
642.5781,5,-0.2236,1.0517  
644.5312,5,0.2183,1.0686  
646.4844,5,0.2160,1.1172  
648.4375,5,0.1518,0.3386  
650.3906,5,0.2074,0.9662  
652.3438,5,-0.2057,0.9694  
654.2969,5,-0.2115,1.0037  
656.2500,5,-0.2188,0.9182  
658.2031,5,-0.2385,1.0961  
660.1562,5,0.2435,1.0417  
662.1094,5,0.3609,1.8797  
664.0625,5,0.2425,1.0602  
666.0156,5,-0.2383,0.9997  
667.9688,5,-0.2279,1.0209  
669.9219,5,0.2180,1.0007  
671.8750,5,-0.2213,1.0829  
673.8281,5,0.2128,0.9942  
675.7812,5,0.2152,2.8290  
677.7344,5,0.1540,0.3471  
679.6875,5,0.3548,2.5864  
681.6406,5,-0.2333,1.0735  
683.5938,5,-0.2063,0.9486  
685.5469,5,0.2042,0.9353  
687.5000,5,0.2019,1.0446  
689.4531,5,0.1510,0.3505  
691.4062,5,0.1915,0.9499  
693.3594,5,0.1867,0.9629  
695.3125,5,0.1800,0.9989  
697.2656,5,0.1778,0.9961  
699.2188,5,0.1763,1.0362  
701.1719,5,0.1487,0.3762  
703.1250,5,0.1469,0.3910  
705.0781,5,0.1454,0.3935  
707.0312,5,-0.2574,2.7898  
708.9844,5,-0.1775,0.9403  
710.9375,5,0.1805,1.0591  
712.8906,5,0.1783,1.0210  
714.8438,5,0.1493,0.3691  
716.7969,5,-0.1276,0.7206  
718.7500,5,0.1464,0.3821  
720.7031,5,0.1844,1.2264  
722.6562,5,0.2152,1.0273  
724.6094,5,0.2420,0.9804  
726.5625,5,0.2361,1.0899  
728.5156,5,0.1900,1.0181  
730.4688,5,-0.1635,0.8966  
732.4219,5,0.1469,0.3945  
734.3750,5,0.1486,0.3747  
736.3281,5,0.1839,1.1146  
738.2812,5,0.1838,1.0121  
740.2344,5,0.1499,0.3920  
742.1875,5,0.1746,0.9538  
744.1406,5,-0.1711,1.0489  
746.0938,5,0.1754,1.0559  
748.0469,5,0.1803,1.0260  
750.0000,5,0.1840,1.0105  
751.9531,5,0.1745,0.9314  
753.9062,5,0.1955,3.4128  
755.8594,5,0.1432,0.4299  
757.8125,5,0.1641,0.9210  
759.7656,5,0.1693,1.1439  
761.7188,5,0.6388,1.2037  
763.6719,5,0.1449,0.4237  
765.6250,5,0.1552,1.0067  
767.5781,5,0.1373,0.4425  
769.5312,5,0.1355,0.4456  
771.4844,5,0.3142,3.7017  
773.4375,5,0.1540,1.1267  
775.3906,5,0.1398,0.4441  
777.3438,5,0.1378,0.4625  
779.2969,5,0.1214,1.0879  
781.2500,5,-0.1363,0.4584  
783.2031,5,0.1400,1.0191  
785.1562,5,0.1362,0.4475  
787.1094,5,0.1362,0.4453  
789.0625,5,0.1384,0.4535  
791.0156,5,0.1364,0.4600  
792.9688,5,0.1364,0.4855  
794.9219,5,0.1323,0.4751  
796.8750,5,0.1305,0.4752  
798.8281,5,0.1325,0.4769  
800.7812,5,0.1292,0.4699  
802.7344,5,0.1312,0.4859  
804.6875,5,0.1263,0.4928  
806.6406,5,-0.1269,0.4982  
808.5938,5,-0.1278,0.4837  
810.5469,5,-0.1972,1.3706  
812.5000,5,0.1296,0.5264  
814.4531,5,0.1242,0.5114  
816.4062,5,0.1230,0.5213  
818.3594,5,0.1166,0.5395  
820.3125,5,0.1154,0.5719  
822.2656,5,0.1159,0.5697  
824.2188,5,0.1195,0.5526  
826.1719,5,-0.1197,0.5640  
828.1250,5,-0.1164,0.5796  
830.0781,5,-0.1097,0.6114  
832.0312,5,0.1106,0.6037  
833.9844,5,0.1091,0.6112  
835.9375,5,0.1077,0.5927  
837.8906,5,0.1094,0.6050  
839.8438,5,0.1075,0.5856  
841.7969,5,0.1053,0.6002  
843.7500,5,-0.1056,0.6092  
845.7031,5,-0.4874,2.2777  
847.6562,5,-0.1115,0.5868  
849.6094,5,0.4470,1.4533  
851.5625,5,-0.1138,0.5832  
853.5156,5,0.1049,0.6219  
855.4688,5,0.0984,0.6625  
857.4219,5,0.1019,0.6630  
859.3750,5,0.1004,0.6293  
861.3281,5,0.1913,2.0578  
863.2812,5,-0.1010,0.6859  
865.2344,5,-0.1002,0.6713  
867.1875,5,0.1429,0.8446  
869.1406,5,0.0946,0.6798  
871.0938,5,0.1017,0.5992  
873.0469,5,0.9815,1.7775  
875.0000,5,0.1434,1.9280  
876.9531,5,-0.1212,0.5134  
878.9062,5,0.2713,1.5634  
880.8594,5,0.0922,0.6827  
882.8125,5,0.0969,0.6662  
884.7656,5,0.0979,0.6573  
886.7188,5,-0.0842,1.0718  
888.6719,5,0.0972,0.6987  
890.6250,5,0.0999,0.6878  
892.5781,5,-0.0906,0.6762  
894.5312,5,-0.0926,0.6881  
896.4844,5,0.1043,0.6656  
898.4375,5,0.1114,0.5615  
900.3906,5,0.1228,1.9487  
902.3438,5,0.1136,0.5489  
904.2969,5,0.0987,0.6381  
906.2500,5,0.1354,1.8588  
908.2031,5,0.0991,0.6579  
910.1562,5,0.1008,0.6745  
912.1094,5,0.0919,0.6733  
914.0625,5,-0.0984,0.6878  
916.0156,5,0.3259,1.7136  
917.9688,5,0.0938,0.7019  
919.9219,5,0.0964,0.6772  
921.8750,5,0.1168,0.5255  
923.8281,5,0.0687,2.0562  
925.7812,5,0.1478,1.8881  
927.7344,5,0.1142,0.5651  
929.6875,5,0.0942,0.6281  
931.6406,5,-0.0928,0.7303  
933.5938,5,0.0944,0.6674  
935.5469,5,-0.0865,1.4660  
937.5000,5,0.0925,0.6878  
939.4531,5,0.0965,0.7060  
941.4062,5,0.0953,0.6670  
943.3594,5,0.0931,0.7271  
945.3125,5,0.0972,0.6672  
947.2656,5,-0.1634,1.2707  
949.2188,5,0.4798,1.3447  
951.1719,5,0.1268,0.4966  
953.1250,5,-0.1127,0.5687  
955.0781,5,0.0939,0.6906  
957.0312,5,-0.0906,0.6830  
958.9844,5,0.0975,0.6769  
960.9375,5,0.2442,1.7576  
962.8906,5,0.0931,0.6692  
964.8438,5,0.0971,0.6625  
966.7969,5,0.0977,0.7119  
968.7500,5,0.0916,0.7228  
970.7031,5,0.1001,0.6616  
972.6562,5,0.1179,0.5639  
974.6094,5,0.1268,0.5055  
976.5625,5,-0.1244,0.4937  
978.5156,5,0.1122,0.6073  
980.4688,5,0.0918,0.7171  
982.4219,5,0.0937,0.6861  
984.3750,5,-0.0984,0.6405  
986.3281,5,0.5156,1.8448  
988.2812,5,0.0965,0.7043  
990.2344,5,0.0984,0.6421  
992.1875,5,-0.0961,0.6886  
994.1406,5,0.0915,0.7036  
996.0938,5,0.1053,0.6014  
998.0469,5,0.1234,0.5089  
1000.0000,5,0.0855,0.9140  
