0.0000,6,0.0701,207.5467  
1.9531,6,0.1583,22.8177  
3.9062,6,0.2448,21.1286  
5.8594,6,0.2701,4.1349  
7.8125,6,0.2595,5.3684  
9.7656,6,0.2577,2.4955  
11.7188,6,0.2677,2.5541  
13.6719,6,0.2638,2.1558  
15.6250,6,0.2526,3.0726  
17.5781,6,0.2577,1.3562  
19.5312,6,0.2707,1.1147  
21.4844,6,0.2702,1.1488  
23.4375,6,0.2585,3.0632  
25.3906,6,0.2487,3.2803  
27.3438,6,0.2408,2.0541  
29.2969,6,0.2281,1.5426  
31.2500,6,0.2177,1.6409  
33.2031,6,0.2159,1.8258  
35.1562,6,0.2156,1.6466  
37.1094,6,0.2118,1.6922  
39.0625,6,0.2091,1.4222  
41.0156,6,0.2079,1.2735  
42.9688,6,0.2057,1.5487  
44.9219,6,0.2132,1.2548  
46.8750,6,0.2360,1.5593  
48.8281,6,0.2577,6.1608  
50.7812,6,0.2584,4.2702  
52.7344,6,0.2380,2.1814  
54.6875,6,0.2149,1.0964  
56.6406,6,0.2062,1.3720  
58.5938,6,0.2092,1.3381  
60.5469,6,0.2130,1.5625  
62.5000,6,0.2135,2.0216  
64.4531,6,0.2129,1.6139  
66.4062,6,0.2125,1.0410  
68.3594,6,0.2118,1.2916  
70.3125,6,0.2112,1.1754  
72.2656,6,0.2121,1.2860  
74.2188,6,0.2158,1.1372  
76.1719,6,0.2186,1.3384  
78.1250,6,0.2174,1.0381  
80.0781,6,0.2151,1.0907  
82.0312,6,0.2160,1.2270  
83.9844,6,0.2189,1.2468  
85.9375,6,0.2199,1.8945  
87.8906,6,0.2202,2.3361  
89.8438,6,0.2218,1.2884  
91.7969,6,0.2233,1.2209  
93.7500,6,0.2231,1.2212  
95.7031,6,0.2241,0.9916  
97.6562,6,0.2275,1.2236  
99.6094,6,0.2307,1.3442  
101.5625,6,0.2312,1.1474  
103.5156,6,0.2326,1.2100  
105.4688,6,0.2362,1.1039  
107.4219,6,0.2418,1.2158  
109.3750,6,0.2486,1.1308  
111.3281,6,0.2570,1.3784  
113.2812,6,0.2656,1.2070  
115.2344,6,0.2716,1.3079  
117.1875,6,0.2764,1.0146  
119.1406,6,0.2821,1.2668  
121.0938,6,0.2890,1.0744  
123.0469,6,0.2980,1.3915  
125.0000,6,0.3089,1.1667  
126.9531,6,0.3206,0.9320  
128.9062,6,0.3332,1.1423  
130.8594,6,0.3584,1.1100  
132.8125,6,0.4145,1.1341  
134.7656,6,0.5109,1.3471  
136.7188,6,0.6330,1.4737  
138.6719,6,0.7542,1.5006  
140.6250,6,0.8474,1.3911  
142.5781,6,0.9089,1.5641  
144.5312,6,0.9389,1.6135  
146.4844,6,0.9469,1.6543  
148.4375,6,0.9469,1.6269  
150.3906,6,0.9520,1.5095  
152.3438,6,0.9679,1.6455  
154.2969,6,0.9965,1.5555  
156.2500,6,1.0373,1.5166  
158.2031,6,1.0752,1.6065  
160.1562,6,1.0982,1.6469  
162.1094,6,1.1134,1.7636  
164.0625,6,1.1074,1.7383  
166.0156,6,1.0959,1.7101  
167.9688,6,1.0804,1.7056  
169.9219,6,1.0693,1.7082  
171.8750,6,1.0668,1.8591  
173.8281,6,1.0746,1.8403  
175.7812,6,1.0954,1.8656  
177.7344,6,1.1275,1.6603  
179.6875,6,1.1724,1.7569  
181.6406,6,1.2203,1.6724  
183.5938,6,-1.2725,1.6859  
185.5469,6,1.3139,1.5574  
187.5000,6,1.3433,1.3588  
189.4531,6,1.3608,1.3500  
191.4062,6,1.3633,1.1976  
193.3594,6,1.3510,1.1647  
195.3125,6,1.3320,1.1929  
197.2656,6,1.3092,1.3368  
199.2188,6,1.2852,1.5325  
201.1719,6,-1.2653,1.8236  
203.1250,6,1.2481,2.1764  
205.0781,6,-1.2339,2.3100  
207.0312,6,1.2247,2.1223  
208.9844,6,1.2175,2.1790  
210.9375,6,1.2023,1.9413  
212.8906,6,1.1824,2.0075  
214.8438,6,1.1506,1.9922  
216.7969,6,1.1107,1.7479  
218.7500,6,1.0728,1.8184  
220.7031,6,1.0405,1.9014  
222.6562,6,1.0193,1.8343  
224.6094,6,1.0105,1.6953  
226.5625,6,1.0117,1.6843  
228.5156,6,1.0188,1.5587  
230.4688,6,1.0326,1.6156  
232.4219,6,1.0475,1.6649  
234.3750,6,1.0660,1.9005  
236.3281,6,1.0739,1.6999  
238.2812,6,1.0682,1.7291  
240.2344,6,1.0485,1.6383  
242.1875,6,1.0196,1.8145  
244.1406,6,0.9925,1.7517  
246.0938,6,0.9718,1.6211  
248.0469,6,0.9611,1.6278  
250.0000,6,0.9574,1.4993  
251.9531,6,0.9716,1.6730  
253.9062,6,0.9923,1.8256  
255.8594,6,1.0206,1.9158  
257.8125,6,1.0505,1.6884  
259.7656,6,1.0769,1.7418  
261.7188,6,1.0908,1.7633  
263.6719,6,1.0882,1.5826  
265.6250,6,1.0714,1.5702  
267.5781,6,1.0433,1.7064  
269.5312,6,1.0141,1.6178  
271.4844,6,0.9935,1.5985  
273.4375,6,0.9839,1.7460  
275.3906,6,0.9795,1.7750  
277.3438,6,0.9793,1.7465  
279.2969,6,0.9871,1.9242  
281.2500,6,1.0045,1.6287  
283.2031,6,1.0283,1.5074  
285.1562,6,1.0487,1.5576  
287.1094,6,1.0566,1.6699  
289.0625,6,1.0500,1.5887  
291.0156,6,1.0275,1.6484  
292.9688,6,0.9923,1.4098  
294.9219,6,0.9692,1.3822  
296.8750,6,0.9634,1.3772  
298.8281,6,0.9677,1.2530  
300.7812,6,0.9633,1.3450  
302.7344,6,0.9457,1.5077  
304.6875,6,0.9375,1.4988  
306.6406,6,0.9466,1.4309  
308.5938,6,0.9715,1.5639  
310.5469,6,0.9926,1.5147  
312.5000,6,1.0020,1.5688  
314.4531,6,0.9997,1.6128  
316.4062,6,0.9867,1.5434  
318.3594,6,0.9683,1.5093  
320.3125,6,0.9521,1.6667  
322.2656,6,0.9411,1.5967  
324.2188,6,0.9348,1.3232  
326.1719,6,0.9337,1.5365  
328.1250,6,0.9417,1.6012  
330.0781,6,0.9577,1.5206  
332.0312,6,0.9815,1.4974  
333.9844,6,1.0046,1.7136  
335.9375,6,1.0197,1.6247  
337.8906,6,1.0206,1.6669  
339.8438,6,1.0066,1.6520  
341.7969,6,0.9818,1.4788  
343.7500,6,0.9494,1.3888  
345.7031,6,0.9217,1.2990  
347.6562,6,0.8989,1.3735  
349.6094,6,0.8841,1.4723  
351.5625,6,0.8792,1.4193  
353.5156,6,0.8813,1.5164  
355.4688,6,0.8924,1.5057  
357.4219,6,0.9056,1.4799  
359.3750,6,0.9203,1.5645  
361.3281,6,0.9271,1.6797  
363.2812,6,0.9219,1.5280  
365.2344,6,0.9082,1.4918  
367.1875,6,0.8854,1.6582  
369.1406,6,0.8609,1.4948  
371.0938,6,0.8409,1.4411  
373.0469,6,0.8282,1.5034  
375.0000,6,0.8275,1.4756  
376.9531,6,0.8351,1.8704  
378.9062,6,0.8488,1.7994  
380.8594,6,0.8654,1.5962  
382.8125,6,0.8859,1.5573  
384.7656,6,0.9057,1.5032  
386.7188,6,0.9185,1.5574  
388.6719,6,0.9202,1.6977  
390.6250,6,0.9076,1.6657  
392.5781,6,0.8867,1.5953  
394.5312,6,0.8612,1.3041  
396.4844,6,0.8419,1.3576  
398.4375,6,0.8405,1.4428  
400.3906,6,0.8513,2.2705  
402.3438,6,0.8643,3.5655  
404.2969,6,0.8790,3.6200  
406.2500,6,0.8947,2.6352  
408.2031,6,0.9093,1.6501  
410.1562,6,0.9287,1.6064  
412.1094,6,0.9429,1.5908  
414.0625,6,0.9445,1.6097  
416.0156,6,0.9329,1.4390  
417.9688,6,0.9142,1.4167  
419.9219,6,0.8946,1.5394  
421.8750,6,0.8771,1.7085  
423.8281,6,0.8608,1.6239  
425.7812,6,0.8536,1.7179  
427.7344,6,0.8498,1.7363  
429.6875,6,0.8549,1.7119  
431.6406,6,0.8645,1.6262  
433.5938,6,0.8760,1.5233  
435.5469,6,0.8806,1.3762  
437.5000,6,0.8713,1.5648  
439.4531,6,0.8481,1.4263  
441.4062,6,0.8181,1.4686  
443.3594,6,0.7914,1.3349  
445.3125,6,0.7705,1.3785  
447.2656,6,0.7509,1.3944  
449.2188,6,0.7241,1.4106  
451.1719,6,0.7005,1.3277  
453.1250,6,0.6929,1.5472  
455.0781,6,0.7024,1.5747  
457.0312,6,0.7243,1.5703  
458.9844,6,0.7494,1.5254  
460.9375,6,0.7691,1.6512  
462.8906,6,0.7783,1.5103  
464.8438,6,0.7739,1.4561  
466.7969,6,0.7603,1.4377  
468.7500,6,0.7406,1.5429  
470.7031,6,0.7254,1.5718  
472.6562,6,0.7217,1.5945  
474.6094,6,0.7243,1.5338  
476.5625,6,0.7212,1.4924  
478.5156,6,0.7168,1.4126  
480.4688,6,0.7225,1.4936  
482.4219,6,0.7390,1.5706  
484.3750,6,0.7550,1.5196  
486.3281,6,0.7634,1.6086  
488.2812,6,0.7644,1.6575  
490.2344,6,0.7556,1.4806  
492.1875,6,0.7341,1.4294  
494.1406,6,0.7149,1.5828  
496.0938,6,0.7173,1.4112  
498.0469,6,0.7405,1.0108  
500.0000,6,0.7532,0.9678  
501.9531,6,0.7410,1.1501  
503.9062,6,0.7219,1.3770  
505.8594,6,0.7218,1.6343  
507.8125,6,0.7388,1.5905  
509.7656,6,0.7624,1.5917  
511.7188,6,0.7733,1.6190  
513.6719,6,0.7704,1.4922  
515.6250,6,0.7571,1.4127  
517.5781,6,0.7353,1.4768  
519.5312,6,0.7118,1.5172  
521.4844,6,0.6948,1.4663  
523.4375,6,0.6844,1.4017  
525.3906,6,0.6782,1.3867  
527.3438,6,0.6739,1.4011  
529.2969,6,0.6762,1.4661  
531.2500,6,0.6860,1.3937  
533.2031,6,0.6984,1.5011  
535.1562,6,0.7092,1.5190  
537.1094,6,0.7122,1.4783  
539.0625,6,0.7079,1.4233  
541.0156,6,0.6931,1.4889  
542.9688,6,0.6709,1.4043  
544.9219,6,0.6475,1.3684  
546.8750,6,0.6296,1.2387  
548.8281,6,0.6162,1.2736  
550.7812,6,0.6115,1.3803  
552.7344,6,0.6112,1.3719  
554.6875,6,0.6165,1.5217  
556.6406,6,0.6263,1.6312  
558.5938,6,0.6365,1.5296  
560.5469,6,0.6447,1.5222  
562.5000,6,0.6465,1.3373  
564.4531,6,0.6396,1.3156  
566.4062,6,0.6285,1.3985  
568.3594,6,0.6120,1.5948  
570.3125,6,0.5970,1.6402  
572.2656,6,0.5842,1.4440  
574.2188,6,0.5777,1.3865  
576.1719,6,0.5771,1.2604  
578.1250,6,0.5837,1.3418  
580.0781,6,0.5946,1.3597  
582.0312,6,0.6086,1.4401  
583.9844,6,0.6215,1.4018  
585.9375,6,0.6309,1.5380  
587.8906,6,0.6336,1.4761  
589.8438,6,0.6269,1.4461  
591.7969,6,0.6128,1.4082  
593.7500,6,0.5949,1.4400  
595.7031,6,0.5815,1.5120  
597.6562,6,0.5743,1.4087  
599.6094,6,0.5725,1.3859  
601.5625,6,0.5715,1.2851  
603.5156,6,0.5717,1.4213  
605.4688,6,0.5763,1.4787  
607.4219,6,0.5855,1.3386  
609.3750,6,0.5954,1.1923  
611.3281,6,0.6011,1.3669  
613.2812,6,0.5964,1.4993  
615.2344,6,0.5832,1.4440  
617.1875,6,0.5647,1.4920  
619.1406,6,0.5431,1.5172  
621.0938,6,0.5236,1.4967  
623.0469,6,0.5095,1.2972  
625.0000,6,0.5017,1.1633  
626.9531,6,0.5001,1.5310  
628.9062,6,0.5026,1.4253  
630.8594,6,0.5088,1.4294  
632.8125,6,0.5201,1.4534  
634.7656,6,0.5294,1.4425  
636.7188,6,0.5338,1.5266  
638.6719,6,0.5312,1.5613  
640.6250,6,0.5224,1.3078  
642.5781,6,0.5094,1.2052  
644.5312,6,0.4949,1.0074  
646.4844,6,0.4819,1.1830  
648.4375,6,0.4724,1.1692  
650.3906,6,0.4715,1.2106  
652.3438,6,0.4740,1.3624  
654.2969,6,0.4798,1.3365  
656.2500,6,0.4907,1.4441  
658.2031,6,0.5029,1.2302  
660.1562,6,0.5119,1.4279  
662.1094,6,0.5147,1.3384  
664.0625,6,0.5108,1.3974  
666.0156,6,0.5014,1.4423  
667.9688,6,0.4879,1.3336  
669.9219,6,0.4734,1.2377  
671.8750,6,0.4627,1.3436  
673.8281,6,0.4576,1.5087  
675.7812,6,0.4555,1.3066  
677.7344,6,0.4560,1.3595  
679.6875,6,0.4603,1.2080  
681.6406,6,0.4665,1.2981  
683.5938,6,0.4753,1.4076  
685.5469,6,0.4808,1.3382  
687.5000,6,0.4823,1.4258  
689.4531,6,0.4770,1.3030  
691.4062,6,0.4659,1.1465  
693.3594,6,0.4527,1.2424  
695.3125,6,0.4413,1.1372  
697.2656,6,0.4337,1.1165  
699.2188,6,0.4286,1.1392  
701.1719,6,0.4236,1.2143  
703.1250,6,0.4228,1.2617  
705.0781,6,0.4254,1.3177  
707.0312,6,0.4314,1.1334  
708.9844,6,0.4379,1.3478  
710.9375,6,0.4423,1.3210  
712.8906,6,0.4411,1.3732  
714.8438,6,0.4356,1.3723  
716.7969,6,0.4263,1.3044  
718.7500,6,0.4161,1.2445  
720.7031,6,0.4074,1.2687  
722.6562,6,0.4021,1.1716  
724.6094,6,0.4010,1.3175  
726.5625,6,0.4022,1.3775  
728.5156,6,0.4061,1.3930  
730.4688,6,0.4143,1.3641  
732.4219,6,0.4264,1.3437  
734.3750,6,0.4373,1.3682  
736.3281,6,0.4432,1.4396  
738.2812,6,0.4421,1.5392  
740.2344,6,0.4341,1.4347  
742.1875,6,0.4218,1.2761  
744.1406,6,0.4089,1.2170  
746.0938,6,0.3997,1.2426  
748.0469,6,0.3951,1.0372  
750.0000,6,0.3916,1.1612  
751.9531,6,0.3875,1.2930  
753.9062,6,0.3860,1.1898  
755.8594,6,0.3903,1.3215  
757.8125,6,0.3978,1.1757  
759.7656,6,0.4034,1.0490  
761.7188,6,0.4042,1.3032  
763.6719,6,0.4000,1.2202  
765.6250,6,0.3914,1.2777  
767.5781,6,0.3806,1.1954  
769.5312,6,0.3683,1.0272  
771.4844,6,0.3597,1.1603  
773.4375,6,0.3541,1.3360  
775.3906,6,0.3506,1.2977  
777.3438,6,0.3494,1.1327  
779.2969,6,0.3520,1.2275  
781.2500,6,0.3576,1.3239  
783.2031,6,0.3645,1.3870  
785.1562,6,0.3697,1.3585  
787.1094,6,0.3694,1.2906  
789.0625,6,0.3639,1.1819  
791.0156,6,0.3531,1.2793  
792.9688,6,0.3396,1.3378  
794.9219,6,0.3270,1.1600  
796.8750,6,0.3180,1.1092  
798.8281,6,0.3123,1.0246  
800.7812,6,0.3083,1.0789  
802.7344,6,0.3032,1.1514  
804.6875,6,0.3000,1.1390  
806.6406,6,0.3008,1.2808  
808.5938,6,0.3032,1.1478  
810.5469,6,0.3031,1.2617  
812.5000,6,0.3000,1.7774  
814.4531,6,0.2927,1.5586  
816.4062,6,0.2822,1.2713  
818.3594,6,0.2702,1.1641  
820.3125,6,0.2606,1.1210  
822.2656,6,0.2543,1.3060  
824.2188,6,0.2510,0.9590  
826.1719,6,0.2474,1.1424  
828.1250,6,0.2432,0.9688  
830.0781,6,0.2410,1.0816  
832.0312,6,0.2420,1.1908  
833.9844,6,0.2438,1.1284  
835.9375,6,0.2438,1.2384  
837.8906,6,0.2410,1.4068  
839.8438,6,0.2358,1.1654  
841.7969,6,0.2288,1.0864  
843.7500,6,0.2207,1.0823  
845.7031,6,0.2128,1.2046  
847.6562,6,0.2069,1.1346  
849.6094,6,0.2032,1.2010  
851.5625,6,0.2012,1.2145  
853.5156,6,0.2004,1.1156  
855.4688,6,0.2007,1.0340  
857.4219,6,0.2020,1.2020  
859.3750,6,0.2038,1.2140  
861.3281,6,0.2047,1.3108  
863.2812,6,0.2039,1.3994  
865.2344,6,0.2005,1.1431  
867.1875,6,0.1955,1.0808  
869.1406,6,0.1921,1.0101  
871.0938,6,0.1942,0.9687  
873.0469,6,0.2001,1.0251  
875.0000,6,0.2023,1.7553  
876.9531,6,0.1968,1.2710  
878.9062,6,0.1884,1.0698  
880.8594,6,0.1845,0.9378  
882.8125,6,0.1862,1.0513  
884.7656,6,0.1885,1.1175  
886.7188,6,0.1890,1.3103  
888.6719,6,0.1882,1.1785  
890.6250,6,0.1864,1.1892  
892.5781,6,0.1826,1.0531  
894.5312,6,0.1797,1.0849  
896.4844,6,0.1806,1.0023  
898.4375,6,0.1835,1.1769  
900.3906,6,0.1835,1.4713  
902.3438,6,0.1803,1.1082  
904.2969,6,0.1775,1.1042  
906.2500,6,0.1774,0.9777  
908.2031,6,0.1814,1.0668  
910.1562,6,0.1842,1.1908  
912.1094,6,0.1855,1.8558  
914.0625,6,0.1850,1.6143  
916.0156,6,0.1826,1.1024  
917.9688,6,0.1795,0.9406  
919.9219,6,0.1769,1.1411  
921.8750,6,0.1763,1.2189  
923.8281,6,0.1769,1.3676  
925.7812,6,0.1770,1.2989  
927.7344,6,0.1765,1.1223  
929.6875,6,0.1763,1.0999  
931.6406,6,0.1778,1.0652  
933.5938,6,0.1808,0.9288  
935.5469,6,0.1833,1.0899  
937.5000,6,0.1840,1.4500  
939.4531,6,0.1828,1.3682  
941.4062,6,0.1798,1.2036  
943.3594,6,0.1769,1.0515  
945.3125,6,0.1743,1.0317  
947.2656,6,0.1732,1.1845  
949.2188,6,0.1729,1.5563  
951.1719,6,0.1727,1.2161  
953.1250,6,0.1723,1.0468  
955.0781,6,0.1730,1.2078  
957.0312,6,0.1755,1.0083  
958.9844,6,0.1785,1.1767  
960.9375,6,0.1804,1.2142  
962.8906,6,0.1806,1.2059  
964.8438,6,0.1792,1.2377  
966.7969,6,0.1766,1.1344  
968.7500,6,0.1737,1.0564  
970.7031,6,0.1718,1.2250  
972.6562,6,0.1712,1.3001  
974.6094,6,0.1715,2.4405  
976.5625,6,0.1713,1.4580  
978.5156,6,0.1713,1.1874  
980.4688,6,0.1725,1.1350  
982.4219,6,0.1756,1.1025  
984.3750,6,0.1787,1.2323  
986.3281,6,0.1805,1.5328  
988.2812,6,0.1806,1.5157  
990.2344,6,0.1793,1.2584  
992.1875,6,0.1766,1.2313  
994.1406,6,0.1737,1.3159  
996.0938,6,0.1725,1.0727  
998.0469,6,0.1736,17.7408  
