0.0000,12,0.0402,569.9253  
1.9531,12,0.1138,6.1024  
3.9062,12,0.1601,33.3908  
5.8594,12,0.1834,23.3681  
7.8125,12,0.1868,12.8220  
9.7656,12,0.1885,15.4748  
11.7188,12,0.1959,23.5570  
13.6719,12,0.1975,23.0973  
15.6250,12,0.1905,10.5174  
17.5781,12,0.1964,9.7231  
19.5312,12,0.2351,1.7144  
21.4844,12,0.2859,8.1140  
23.4375,12,0.3169,17.0003  
25.3906,12,0.3116,11.7072  
27.3438,12,0.2734,5.9553  
29.2969,12,0.2201,1.9678  
31.2500,12,0.1757,2.9472  
33.2031,12,0.1560,3.4149  
35.1562,12,0.1546,19.3250  
37.1094,12,0.1550,40.0278  
39.0625,12,0.1496,38.1412  
41.0156,12,0.1408,12.9819  
42.9688,12,0.1426,7.7523  
44.9219,12,0.1676,11.6917  
46.8750,12,0.2028,1.4874  
48.8281,12,0.2272,23.0596  
50.7812,12,0.2090,34.3382  
52.7344,12,0.2037,8.7818  
54.6875,12,0.1689,4.7760  
56.6406,12,0.1439,11.0957  
58.5938,12,0.1391,10.6548  
60.5469,12,0.1445,28.5187  
62.5000,12,0.1477,38.3974  
64.4531,12,0.1471,24.3691  
66.4062,12,0.1479,12.0693  
68.3594,12,0.1529,20.3554  
70.3125,12,0.1613,26.6781  
72.2656,12,0.1705,12.3685  
74.2188,12,0.1766,5.8461  
76.1719,12,0.1756,3.4736  
78.1250,12,0.1668,1.3679  
80.0781,12,0.1542,4.8945  
82.0312,12,0.1448,7.2700  
83.9844,12,0.1425,12.0148  
85.9375,12,0.1440,40.2920  
87.8906,12,0.1444,56.3713  
89.8438,12,0.1422,27.6588  
91.7969,12,0.1389,9.2228  
93.7500,12,0.1364,8.2425  
95.7031,12,0.1352,8.2361  
97.6562,12,0.1344,16.6285  
99.6094,12,0.1337,61.3000  
101.5625,12,0.1336,55.1733  
103.5156,12,0.1346,11.7856  
105.4688,12,0.1365,9.0329  
107.4219,12,0.1394,8.6335  
109.3750,12,0.1422,12.6975  
111.3281,12,0.1439,31.4633  
113.2812,12,0.1451,35.8842  
115.2344,12,0.1448,18.6074  
117.1875,12,0.1439,7.3311  
119.1406,12,0.1437,5.2762  
121.0938,12,0.1457,3.9175  
123.0469,12,0.1506,3.4755  
125.0000,12,0.1568,5.1980  
126.9531,12,0.1611,3.4638  
128.9062,12,0.1631,3.9764  
130.8594,12,0.1691,5.7767  
132.8125,12,0.1926,4.7020  
134.7656,12,0.2381,4.9674  
136.7188,12,0.2945,4.9439  
138.6719,12,0.3449,4.2189  
140.6250,12,0.3782,3.9932  
142.5781,12,0.3904,4.1771  
144.5312,12,0.3861,4.5486  
146.4844,12,0.3756,4.7395  
148.4375,12,0.3680,4.4443  
150.3906,12,0.3683,4.4899  
152.3438,12,0.3747,4.1946  
154.2969,12,0.3868,4.3237  
156.2500,12,0.4038,4.1072  
158.2031,12,0.4250,4.2101  
160.1562,12,0.4460,4.3555  
162.1094,12,0.4605,3.7837  
164.0625,12,0.4685,3.9460  
166.0156,12,0.4678,3.9731  
167.9688,12,0.4616,4.1609  
169.9219,12,0.4536,3.9002  
171.8750,12,0.4474,3.9936  
173.8281,12,0.4452,4.0266  
175.7812,12,0.4466,3.8983  
177.7344,12,0.4507,3.8703  
179.6875,12,0.4569,3.9120  
181.6406,12,0.4650,3.6943  
183.5938,12,0.4751,3.9693  
185.5469,12,0.4843,4.1082  
187.5000,12,0.4873,3.7735  
189.4531,12,0.4836,3.6683  
191.4062,12,0.4743,3.6549  
193.3594,12,0.4631,3.8229  
195.3125,12,0.4539,3.9610  
197.2656,12,0.4483,3.8672  
199.2188,12,0.4473,3.7587  
201.1719,12,0.4507,3.7316  
203.1250,12,0.4593,3.6439  
205.0781,12,0.4739,4.2356  
207.0312,12,0.4909,4.2186  
208.9844,12,0.5081,4.2623  
210.9375,12,0.5210,3.9662  
212.8906,12,0.5263,3.9223  
214.8438,12,0.5218,4.1083  
216.7969,12,0.5105,4.2049  
218.7500,12,0.4974,4.1239  
220.7031,12,0.4878,4.7398  
222.6562,12,0.4826,5.3895  
224.6094,12,0.4804,5.6585  
226.5625,12,0.4790,5.2632  
228.5156,12,0.4803,4.4130  
230.4688,12,0.4892,4.3863  
232.4219,12,0.5026,4.0122  
234.3750,12,0.5169,4.0039  
236.3281,12,0.5262,4.0869  
238.2812,12,0.5269,3.9582  
240.2344,12,0.5187,3.9586  
242.1875,12,0.5052,3.8485  
244.1406,12,0.4925,3.8658  
246.0938,12,0.4845,3.9121  
248.0469,12,0.4822,3.9506  
250.0000,12,0.4840,4.3214  
251.9531,12,0.4874,4.4146  
253.9062,12,0.4944,4.3943  
255.8594,12,0.5076,4.2546  
257.8125,12,0.5258,4.1683  
259.7656,12,0.5436,4.0386  
261.7188,12,0.5553,4.0734  
263.6719,12,0.5567,3.8284  
265.6250,12,0.5486,3.8227  
267.5781,12,0.5338,4.0945  
269.5312,12,0.5166,4.3391  
271.4844,12,0.5008,4.4457  
273.4375,12,0.4905,4.6669  
275.3906,12,0.4865,4.5163  
277.3438,12,0.4892,4.2695  
279.2969,12,0.4978,4.1189  
281.2500,12,0.5107,3.9290  
283.2031,12,0.5247,3.9105  
285.1562,12,0.5354,3.7608  
287.1094,12,0.5387,3.8381  
289.0625,12,0.5316,3.8628  
291.0156,12,0.5154,4.0927  
292.9688,12,0.4968,4.3360  
294.9219,12,0.4839,4.0986  
296.8750,12,0.4807,3.6865  
298.8281,12,0.4827,3.2841  
300.7812,12,0.4819,3.0253  
302.7344,12,0.4750,3.1739  
304.6875,12,0.4684,3.7895  
306.6406,12,0.4680,3.5217  
308.5938,12,0.4779,3.6702  
310.5469,12,0.4906,4.0688  
312.5000,12,0.4953,4.1815  
314.4531,12,0.4892,3.8062  
316.4062,12,0.4758,3.9552  
318.3594,12,0.4589,3.8425  
320.3125,12,0.4423,4.0088  
322.2656,12,0.4278,3.9977  
324.2188,12,0.4185,3.9239  
326.1719,12,0.4154,3.7073  
328.1250,12,0.4192,3.5484  
330.0781,12,0.4275,3.2383  
332.0312,12,0.4398,3.4724  
333.9844,12,0.4528,3.9436  
335.9375,12,0.4620,3.8336  
337.8906,12,0.4643,3.8862  
339.8438,12,0.4586,4.0683  
341.7969,12,0.4460,4.2563  
343.7500,12,0.4314,4.3341  
345.7031,12,0.4186,4.2858  
347.6562,12,0.4098,4.0138  
349.6094,12,0.4050,3.7575  
351.5625,12,0.4057,3.8056  
353.5156,12,0.4116,3.9046  
355.4688,12,0.4228,3.7044  
357.4219,12,0.4366,3.8292  
359.3750,12,0.4491,3.7534  
361.3281,12,0.4560,3.6910  
363.2812,12,0.4549,3.9462  
365.2344,12,0.4448,3.7112  
367.1875,12,0.4283,3.5204  
369.1406,12,0.4102,3.7270  
371.0938,12,0.3936,3.8577  
373.0469,12,0.3811,4.0618  
375.0000,12,0.3732,3.9297  
376.9531,12,0.3714,4.1257  
378.9062,12,0.3742,4.0346  
380.8594,12,0.3802,3.7746  
382.8125,12,0.3879,3.9334  
384.7656,12,0.3938,3.6966  
386.7188,12,0.3957,3.6034  
388.6719,12,0.3917,3.6984  
390.6250,12,0.3812,3.6072  
392.5781,12,0.3671,3.8129  
394.5312,12,0.3530,3.7925  
396.4844,12,0.3425,3.5383  
398.4375,12,0.3372,3.7435  
400.3906,12,0.3353,3.9343  
402.3438,12,0.3365,4.0434  
404.2969,12,0.3419,4.3303  
406.2500,12,0.3509,4.1748  
408.2031,12,0.3615,3.8809  
410.1562,12,0.3704,3.8118  
412.1094,12,0.3745,3.4740  
414.0625,12,0.3724,3.5441  
416.0156,12,0.3645,3.7981  
417.9688,12,0.3528,3.7774  
419.9219,12,0.3409,3.7895  
421.8750,12,0.3318,3.6636  
423.8281,12,0.3274,3.4288  
425.7812,12,0.3286,3.9358  
427.7344,12,0.3341,4.0943  
429.6875,12,0.3437,3.8799  
431.6406,12,0.3562,4.1875  
433.5938,12,0.3661,4.1255  
435.5469,12,0.3696,4.1490  
437.5000,12,0.3647,3.8192  
439.4531,12,0.3537,3.8370  
441.4062,12,0.3379,3.7725  
443.3594,12,0.3193,3.3718  
445.3125,12,0.2991,3.5922  
447.2656,12,0.2793,3.5405  
449.2188,12,0.2644,3.2725  
451.1719,12,0.2576,3.2769  
453.1250,12,0.2587,3.4368  
455.0781,12,0.2652,3.6459  
457.0312,12,0.2740,3.5139  
458.9844,12,0.2835,2.9857  
460.9375,12,0.2939,3.6900  
462.8906,12,0.3019,4.1207  
464.8438,12,0.3062,4.2819  
466.7969,12,0.3060,4.0478  
468.7500,12,0.3023,3.8683  
470.7031,12,0.2974,3.7350  
472.6562,12,0.2931,4.0774  
474.6094,12,0.2906,4.1021  
476.5625,12,0.2904,3.9430  
478.5156,12,0.2933,3.8049  
480.4688,12,0.2990,3.6136  
482.4219,12,0.3064,3.4912  
484.3750,12,0.3133,2.9454  
486.3281,12,0.3175,3.0842  
488.2812,12,0.3171,3.4512  
490.2344,12,0.3106,3.4828  
492.1875,12,0.3008,3.3036  
494.1406,12,0.2918,3.0680  
496.0938,12,0.2870,3.0252  
498.0469,12,0.2851,3.0879  
500.0000,12,0.2840,3.1154  
501.9531,12,0.2826,2.9988  
503.9062,12,0.2823,3.1101  
505.8594,12,0.2851,3.3694  
507.8125,12,0.2922,3.6602  
509.7656,12,0.2995,3.7217  
511.7188,12,0.3032,3.7600  
513.6719,12,0.3013,3.6958  
515.6250,12,0.2941,3.4564  
517.5781,12,0.2838,3.3426  
519.5312,12,0.2728,3.4722  
521.4844,12,0.2630,3.6658  
523.4375,12,0.2563,3.7754  
525.3906,12,0.2535,3.8292  
527.3438,12,0.2549,3.4313  
529.2969,12,0.2598,3.1845  
531.2500,12,0.2669,3.4574  
533.2031,12,0.2745,3.7472  
535.1562,12,0.2803,3.7075  
537.1094,12,0.2818,3.6979  
539.0625,12,0.2782,3.7896  
541.0156,12,0.2697,3.6035  
542.9688,12,0.2584,3.4539  
544.9219,12,0.2471,3.3026  
546.8750,12,0.2377,3.2409  
548.8281,12,0.2317,3.3101  
550.7812,12,0.2287,3.5001  
552.7344,12,0.2283,3.6248  
554.6875,12,0.2304,3.3820  
556.6406,12,0.2348,3.1189  
558.5938,12,0.2404,3.0662  
560.5469,12,0.2445,3.3887  
562.5000,12,0.2454,3.4978  
564.4531,12,0.2421,3.3496  
566.4062,12,0.2359,3.3886  
568.3594,12,0.2285,3.1413  
570.3125,12,0.2219,3.3445  
572.2656,12,0.2170,3.1675  
574.2188,12,0.2147,3.1600  
576.1719,12,0.2156,3.2153  
578.1250,12,0.2192,3.2201  
580.0781,12,0.2253,3.3651  
582.0312,12,0.2331,3.7028  
583.9844,12,0.2408,3.5106  
585.9375,12,0.2464,3.5234  
587.8906,12,0.2475,3.1466  
589.8438,12,0.2440,3.2527  
591.7969,12,0.2368,3.2263  
593.7500,12,0.2289,3.2726  
595.7031,12,0.2228,3.4484  
597.6562,12,0.2187,3.5809  
599.6094,12,0.2154,3.6037  
601.5625,12,0.2124,3.5412  
603.5156,12,0.2108,3.3503  
605.4688,12,0.2115,3.1326  
607.4219,12,0.2146,2.9831  
609.3750,12,0.2178,3.1037  
611.3281,12,0.2189,3.1480  
613.2812,12,0.2165,2.9923  
615.2344,12,0.2108,2.8285  
617.1875,12,0.2030,2.8019  
619.1406,12,0.1947,2.7989  
621.0938,12,0.1879,3.1668  
623.0469,12,0.1829,2.9709  
625.0000,12,0.1805,2.9837  
626.9531,12,0.1807,2.9791  
628.9062,12,0.1836,3.1570  
630.8594,12,0.1880,2.9404  
632.8125,12,0.1930,3.2061  
634.7656,12,0.1966,3.1621  
636.7188,12,0.1976,3.0666  
638.6719,12,0.1954,2.8566  
640.6250,12,0.1897,2.6637  
642.5781,12,0.1824,2.7099  
644.5312,12,0.1746,2.8230  
646.4844,12,0.1682,2.7705  
648.4375,12,0.1643,2.6734  
650.3906,12,0.1631,2.9150  
652.3438,12,0.1643,2.7910  
654.2969,12,0.1677,2.7959  
656.2500,12,0.1726,3.0612  
658.2031,12,0.1779,3.0888  
660.1562,12,0.1819,2.7742  
662.1094,12,0.1836,2.9125  
664.0625,12,0.1823,3.0859  
666.0156,12,0.1776,2.7541  
667.9688,12,0.1711,2.7286  
669.9219,12,0.1642,2.6481  
671.8750,12,0.1582,2.4201  
673.8281,12,0.1541,2.8789  
675.7812,12,0.1520,2.9009  
677.7344,12,0.1519,2.6562  
679.6875,12,0.1534,2.7996  
681.6406,12,0.1562,2.8381  
683.5938,12,0.1591,2.8245  
685.5469,12,0.1611,2.8887  
687.5000,12,0.1609,2.9006  
689.4531,12,0.1583,2.8082  
691.4062,12,0.1538,2.8134  
693.3594,12,0.1486,2.8966  
695.3125,12,0.1441,2.6508  
697.2656,12,0.1413,2.7470  
699.2188,12,0.1403,2.6165  
701.1719,12,0.1407,2.4686  
703.1250,12,0.1428,2.6170  
705.0781,12,0.1463,2.6600  
707.0312,12,0.1509,2.9334  
708.9844,12,0.1557,3.1186  
710.9375,12,0.1590,2.9948  
712.8906,12,0.1600,2.9485  
714.8438,12,0.1582,2.9806  
716.7969,12,0.1544,2.7146  
718.7500,12,0.1498,2.7154  
720.7031,12,0.1455,2.6855  
722.6562,12,0.1423,2.8157  
724.6094,12,0.1406,3.1267  
726.5625,12,0.1403,3.0739  
728.5156,12,0.1417,2.6859  
730.4688,12,0.1444,2.9621  
732.4219,12,0.1480,3.0940  
734.3750,12,0.1514,3.3886  
736.3281,12,0.1535,4.2078  
738.2812,12,0.1534,3.6328  
740.2344,12,0.1509,2.9774  
742.1875,12,0.1466,2.7632  
744.1406,12,0.1418,2.7380  
746.0938,12,0.1379,2.6364  
748.0469,12,0.1354,3.6107  
750.0000,12,0.1346,4.2442  
751.9531,12,0.1354,3.1740  
753.9062,12,0.1376,2.4957  
755.8594,12,0.1410,2.9372  
757.8125,12,0.1446,2.9706  
759.7656,12,0.1473,4.5934  
761.7188,12,0.1481,9.2598  
763.6719,12,0.1463,7.0669  
765.6250,12,0.1427,3.3300  
767.5781,12,0.1377,2.9542  
769.5312,12,0.1329,3.0429  
771.4844,12,0.1291,2.9282  
773.4375,12,0.1267,6.3359  
775.3906,12,0.1258,10.0062  
777.3438,12,0.1266,4.7465  
779.2969,12,0.1285,2.7232  
781.2500,12,0.1310,3.1829  
783.2031,12,0.1340,2.5562  
785.1562,12,0.1366,5.7995  
787.1094,12,0.1379,17.3640  
789.0625,12,0.1366,13.0977  
791.0156,12,0.1334,3.4789  
792.9688,12,0.1292,3.0092  
794.9219,12,0.1272,2.9297  
796.8750,12,0.1281,5.2437  
798.8281,12,0.1298,16.0519  
800.7812,12,0.1296,18.4432  
802.7344,12,0.1273,6.9497  
804.6875,12,0.1250,3.3972  
806.6406,12,0.1254,3.5145  
808.5938,12,0.1281,3.0838  
810.5469,12,0.1310,5.4912  
812.5000,12,0.1320,6.7766  
814.4531,12,0.1303,4.4511  
816.4062,12,0.1268,2.7895  
818.3594,12,0.1230,3.1090  
820.3125,12,0.1194,2.8962  
822.2656,12,0.1167,3.8127  
824.2188,12,0.1152,8.6337  
826.1719,12,0.1150,7.2458  
828.1250,12,0.1159,3.4231  
830.0781,12,0.1176,3.2581  
832.0312,12,0.1202,3.1619  
833.9844,12,0.1230,3.3973  
835.9375,12,0.1249,8.1391  
837.8906,12,0.1247,12.0647  
839.8438,12,0.1225,5.9571  
841.7969,12,0.1189,3.0515  
843.7500,12,0.1156,3.6580  
845.7031,12,0.1136,3.3783  
847.6562,12,0.1130,5.1627  
849.6094,12,0.1124,6.9280  
851.5625,12,0.1112,5.5537  
853.5156,12,0.1103,3.6074  
855.4688,12,0.1107,3.2334  
857.4219,12,0.1127,3.0900  
859.3750,12,0.1152,3.2480  
861.3281,12,0.1169,3.5604  
863.2812,12,0.1166,3.4171  
865.2344,12,0.1146,3.2615  
867.1875,12,0.1113,3.1718  
869.1406,12,0.1080,3.1411  
871.0938,12,0.1050,2.9407  
873.0469,12,0.1030,3.1595  
875.0000,12,0.1021,4.1581  
876.9531,12,0.1021,3.7266  
878.9062,12,0.1034,2.6596  
880.8594,12,0.1061,2.8549  
882.8125,12,0.1095,3.0506  
884.7656,12,0.1126,3.1825  
886.7188,12,0.1145,3.3129  
888.6719,12,0.1147,3.1959  
890.6250,12,0.1132,3.0978  
892.5781,12,0.1105,3.0941  
894.5312,12,0.1075,3.0148  
896.4844,12,0.1050,2.7304  
898.4375,12,0.1035,3.1725  
900.3906,12,0.1033,3.6512  
902.3438,12,0.1042,3.0093  
904.2969,12,0.1064,2.7614  
906.2500,12,0.1100,3.3493  
908.2031,12,0.1138,3.3763  
910.1562,12,0.1170,3.3590  
912.1094,12,0.1187,3.8593  
914.0625,12,0.1184,3.7763  
916.0156,12,0.1164,3.5972  
917.9688,12,0.1136,3.4480  
919.9219,12,0.1106,3.4039  
921.8750,12,0.1083,3.6239  
923.8281,12,0.1070,3.6075  
925.7812,12,0.1066,3.1636  
927.7344,12,0.1075,3.3341  
929.6875,12,0.1096,3.2931  
931.6406,12,0.1127,3.1585  
933.5938,12,0.1162,3.3227  
935.5469,12,0.1191,3.8839  
937.5000,12,0.1204,4.4121  
939.4531,12,0.1195,3.9280  
941.4062,12,0.1170,3.4059  
943.3594,12,0.1136,3.7773  
945.3125,12,0.1104,3.6092  
947.2656,12,0.1082,3.5428  
949.2188,12,0.1070,3.5367  
951.1719,12,0.1070,3.7439  
953.1250,12,0.1083,3.6191  
955.0781,12,0.1109,3.3120  
957.0312,12,0.1144,3.3223  
958.9844,12,0.1180,3.3142  
960.9375,12,0.1204,3.5806  
962.8906,12,0.1210,3.7579  
964.8438,12,0.1196,3.5877  
966.7969,12,0.1168,3.5010  
968.7500,12,0.1132,3.5207  
970.7031,12,0.1100,3.4695  
972.6562,12,0.1078,3.2783  
974.6094,12,0.1070,4.0739  
976.5625,12,0.1076,4.9268  
978.5156,12,0.1094,3.5778  
980.4688,12,0.1122,3.7292  
982.4219,12,0.1158,3.3796  
984.3750,12,0.1192,3.7190  
986.3281,12,0.1214,3.7994  
988.2812,12,0.1217,4.1712  
990.2344,12,0.1198,4.7723  
992.1875,12,0.1168,3.6520  
994.1406,12,0.1131,7.7116  
996.0938,12,0.1097,3.1845  
998.0469,12,0.1074,76.8071  
1000.0000,12,0.0533,491.1908  
