0.0000,0,0.0472,1.4529  
1.9531,0,0.0851,0.2892  
3.9062,0,0.4866,1.7301  
5.8594,0,0.5353,1.7503  
7.8125,0,0.8376,1.1785  
9.7656,0,0.8895,1.1180  
11.7188,0,0.9229,1.0705  
13.6719,0,0.8704,1.0146  
15.6250,0,0.8168,1.0032  
17.5781,0,0.8695,0.9873  
19.5312,0,0.8196,0.9551  
21.4844,0,0.7185,0.8958  
23.4375,0,0.7478,0.9120  
25.3906,0,0.7499,0.9901  
27.3438,0,0.0984,0.1804  
29.2969,0,-0.5280,1.0786  
31.2500,0,0.1111,0.2261  
33.2031,0,0.1279,0.2493  
35.1562,0,0.1474,0.2912  
37.1094,0,0.2843,1.2139  
39.0625,0,0.2537,1.1550  
41.0156,0,0.1536,0.3713  
42.9688,0,0.1524,1.1347  
44.9219,0,0.1455,0.9240  
46.8750,0,0.1347,0.4567  
48.8281,0,0.1273,0.4817  
50.7812,0,0.1220,0.5063  
52.7344,0,0.1230,0.5031  
54.6875,0,-0.2339,1.2892  
56.6406,0,0.1252,0.5199  
58.5938,0,0.1340,0.4649  
60.5469,0,0.1587,1.0146  
62.5000,0,0.1478,0.3970  
64.4531,0,0.3358,2.9982  
66.4062,0,-0.1963,1.0905  
68.3594,0,-0.2155,0.9669  
70.3125,0,0.2635,2.3124  
72.2656,0,0.1528,0.3308  
74.2188,0,0.1553,0.3198  
76.1719,0,0.1538,0.3417  
78.1250,0,0.1503,0.3685  
80.0781,0,0.1514,0.3743  
82.0312,0,0.1480,0.3798  
83.9844,0,0.1562,1.0873  
85.9375,0,0.1404,0.4442  
87.8906,0,0.1457,0.9651  
89.8438,0,0.1327,0.4745  
91.7969,0,0.1266,0.4997  
93.7500,0,-0.2515,1.5631  
95.7031,0,0.2744,1.4608  
97.6562,0,0.1122,0.5835  
99.6094,0,0.1090,0.6109  
101.5625,0,0.1088,0.6061  
103.5156,0,0.1860,1.1448  
105.4688,0,0.1141,0.5769  
107.4219,0,0.1147,0.5433  
109.3750,0,0.1197,0.5385  
111.3281,0,0.1265,0.5288  
113.2812,0,0.1280,0.5033  
115.2344,0,-0.2623,0.8098  
117.1875,0,0.1350,0.4575  
119.1406,0,0.1354,0.4538  
121.0938,0,-0.1347,0.4439  
123.0469,0,0.1424,1.0085  
125.0000,0,-0.1768,0.9021  
126.9531,0,0.1400,0.4408  
128.9062,0,-0.1366,0.4573  
130.8594,0,0.1362,0.4390  
132.8125,0,0.1383,0.4425  
134.7656,0,0.1394,0.4252  
136.7188,0,0.1500,0.3978  
138.6719,0,-0.2163,1.0200  
140.6250,0,0.2594,0.9823  
142.5781,0,0.2987,0.9614  
144.5312,0,0.3239,0.9619  
146.4844,0,0.3519,1.0765  
148.4375,0,0.3406,0.9441  
150.3906,0,0.3619,0.9983  
152.3438,0,0.3766,0.9796  
154.2969,0,0.3778,0.8708  
156.2500,0,0.4125,0.8929  
158.2031,0,0.4588,0.9074  
160.1562,0,0.4852,0.8993  
162.1094,0,0.5022,0.8342  
164.0625,0,0.5087,0.8742  
166.0156,0,-0.4955,0.8442  
167.9688,0,0.4765,0.8510  
169.9219,0,0.4656,0.8850  
171.8750,0,-0.4672,0.9340  
173.8281,0,-0.5404,2.0229  
175.7812,0,-0.4584,0.9081  
177.7344,0,0.4644,0.8869  
179.6875,0,0.4755,0.8606  
181.6406,0,-0.4978,0.8098  
183.5938,0,-0.5379,0.8910  
185.5469,0,0.5340,0.8571  
187.5000,0,-0.5398,0.8889  
189.4531,0,0.5317,0.8959  
191.4062,0,-0.5046,0.8717  
193.3594,0,0.4795,0.8581  
195.3125,0,-0.4659,0.8529  
197.2656,0,0.4534,0.8838  
199.2188,0,0.4560,0.8644  
201.1719,0,0.4684,0.9044  
203.1250,0,0.7559,1.3296  
205.0781,0,0.4829,0.8219  
207.0312,0,-0.5193,0.8794  
208.9844,0,0.5411,0.8513  
210.9375,0,0.5450,0.8323  
212.8906,0,-0.5511,0.8669  
214.8438,0,-0.5191,0.8159  
216.7969,0,-0.5165,0.8846  
218.7500,0,-0.4747,0.9008  
220.7031,0,0.4811,0.9601  
222.6562,0,0.4543,0.8464  
224.6094,0,0.4859,0.9387  
226.5625,0,0.6764,1.3605  
228.5156,0,0.4931,0.8961  
230.4688,0,0.4948,0.8219  
232.4219,0,0.5258,0.8379  
234.3750,0,0.5493,0.8523  
236.3281,0,-0.5693,0.8583  
238.2812,0,0.5463,0.7886  
240.2344,0,0.5413,0.8091  
242.1875,0,0.5213,0.8371  
244.1406,0,0.5153,0.9085  
246.0938,0,0.4828,0.8724  
248.0469,0,-0.4785,0.8637  
250.0000,0,-0.4957,0.9216  
251.9531,0,0.4853,0.8918  
253.9062,0,-0.4985,0.9110  
255.8594,0,0.5060,0.8165  
257.8125,0,0.5473,0.9133  
259.7656,0,0.5325,0.8135  
261.7188,0,0.5229,0.8102  
263.6719,0,0.5355,0.8731  
265.6250,0,0.5363,0.8868  
267.5781,0,-0.5126,0.8687  
269.5312,0,0.5101,0.9563  
271.4844,0,-0.4723,0.8736  
273.4375,0,-0.4560,0.9012  
275.3906,0,0.5790,1.6505  
277.3438,0,0.4357,0.8765  
279.2969,0,0.4526,0.8705  
281.2500,0,0.9184,1.5492  
283.2031,0,0.4820,0.9052  
285.1562,0,0.4811,0.8138  
287.1094,0,0.4895,0.8184  
289.0625,0,0.4854,0.8276  
291.0156,0,-0.5926,1.5847  
292.9688,0,0.4608,0.9467  
294.9219,0,0.4413,0.9112  
296.8750,0,0.4764,0.8810  
298.8281,0,0.5289,0.7927  
300.7812,0,0.5438,0.8332  
302.7344,0,-0.4896,0.8390  
304.6875,0,0.4438,0.9368  
306.6406,0,1.0791,1.9283  
308.5938,0,0.4870,0.9270  
310.5469,0,0.4876,0.8961  
312.5000,0,0.5208,0.9216  
314.4531,0,0.5119,0.8793  
316.4062,0,0.4902,0.8635  
318.3594,0,0.4688,0.8689  
320.3125,0,-0.4618,0.9031  
322.2656,0,-0.4308,0.7932  
324.2188,0,0.4554,0.9726  
326.1719,0,-0.4454,0.9535  
328.1250,0,0.4419,0.9006  
330.0781,0,0.4526,0.9386  
332.0312,0,0.4494,0.9316  
333.9844,0,0.4636,0.9250  
335.9375,0,0.4582,0.9276  
337.8906,0,0.4597,0.9041  
339.8438,0,0.4544,0.9149  
341.7969,0,0.4303,0.9310  
343.7500,0,0.7185,1.5958  
345.7031,0,-0.3728,0.9331  
347.6562,0,0.3522,0.9386  
349.6094,0,0.3451,0.8954  
351.5625,0,0.1423,0.2544  
353.5156,0,0.3308,0.8702  
355.4688,0,-0.3691,1.5272  
357.4219,0,-0.4925,1.4261  
359.3750,0,-0.3727,0.9590  
361.3281,0,0.3785,1.0025  
363.2812,0,0.3855,0.9800  
365.2344,0,0.3759,1.0468  
367.1875,0,0.3467,0.9200  
369.1406,0,0.3332,0.9919  
371.0938,0,0.3115,0.9511  
373.0469,0,0.3026,0.9723  
375.0000,0,-0.2987,0.9612  
376.9531,0,-0.2919,0.9359  
378.9062,0,0.3057,0.9834  
380.8594,0,0.3144,0.9306  
382.8125,0,-0.3468,1.0352  
384.7656,0,0.3719,1.0511  
386.7188,0,0.3803,0.9927  
388.6719,0,0.1344,0.2328  
390.6250,0,-0.3664,0.9131  
392.5781,0,0.3462,0.9125  
394.5312,0,0.3366,0.8884  
396.4844,0,-0.3435,0.9733  
398.4375,0,0.3640,0.9928  
400.3906,0,0.3822,0.9787  
402.3438,0,0.3842,0.8998  
404.2969,0,-0.3940,0.9446  
406.2500,0,0.4006,0.9161  
408.2031,0,0.4206,0.9252  
410.1562,0,0.4534,0.9898  
412.1094,0,0.4646,0.9515  
414.0625,0,0.4606,0.9043  
416.0156,0,0.4452,0.9587  
417.9688,0,0.3993,0.8612  
419.9219,0,0.4486,1.4983  
421.8750,0,0.9390,2.2596  
423.8281,0,0.3559,0.9414  
425.7812,0,0.3436,0.9207  
427.7344,0,-0.3512,0.9464  
429.6875,0,0.1391,0.2480  
431.6406,0,-0.3640,0.9851  
433.5938,0,1.0614,2.3386  
435.5469,0,0.3721,0.9184  
437.5000,0,-0.3748,0.9856  
439.4531,0,0.3684,0.8949  
441.4062,0,0.3533,0.8987  
443.3594,0,0.3644,1.0996  
445.3125,0,0.3292,0.9870  
447.2656,0,-0.3181,1.7527  
449.2188,0,0.2815,1.0529  
451.1719,0,0.2715,0.9391  
453.1250,0,-0.2739,0.9683  
455.0781,0,0.2846,0.9940  
457.0312,0,0.2811,0.8222  
458.9844,0,0.3047,1.0211  
460.9375,0,0.3847,2.0860  
462.8906,0,-0.2865,0.8852  
464.8438,0,0.3007,1.1486  
466.7969,0,0.2668,0.9228  
468.7500,0,-0.2607,0.9832  
470.7031,0,0.2416,0.9034  
472.6562,0,0.1540,0.2956  
474.6094,0,0.3102,2.7263  
476.5625,0,0.2438,1.0758  
478.5156,0,0.3153,2.8747  
480.4688,0,0.1521,0.2911  
482.4219,0,-0.0219,5.1980  
484.3750,0,0.2783,0.9742  
486.3281,0,0.2890,0.9503  
488.2812,0,0.2827,0.9564  
490.2344,0,-0.2856,1.0320  
492.1875,0,-0.2793,1.0049  
494.1406,0,-0.2715,1.0285  
496.0938,0,0.2823,1.0329  
498.0469,0,0.3130,0.9551  
500.0000,0,0.3487,1.0185  
501.9531,0,0.3162,0.8996  
503.9062,0,-0.2878,0.9142  
505.8594,0,0.2850,1.0149  
507.8125,0,0.3000,0.9516  
509.7656,0,0.3198,1.1376  
511.7188,0,0.3064,0.8992  
513.6719,0,0.3097,1.0002  
515.6250,0,0.2893,0.9350  
517.5781,0,0.2700,0.9985  
519.5312,0,0.2558,1.0062  
521.4844,0,0.1536,0.3090  
523.4375,0,0.2381,1.0335  
525.3906,0,0.1532,0.3264  
527.3438,0,0.2311,0.9958  
529.2969,0,0.2329,0.9346  
531.2500,0,0.2550,1.0674  
533.2031,0,-0.2619,0.9962  
535.1562,0,0.2707,0.9839  
537.1094,0,-0.2825,1.0480  
539.0625,0,-0.2746,0.9650  
541.0156,0,-0.2707,0.9880  
542.9688,0,0.7630,2.6444  
544.9219,0,-0.2463,0.9706  
546.8750,0,-0.2397,1.0040  
548.8281,0,-0.2350,1.1526  
550.7812,0,0.2324,1.0969  
552.7344,0,0.2217,0.8669  
554.6875,0,0.1532,0.3360  
556.6406,0,0.2420,1.0851  
558.5938,0,-0.2425,0.8912  
560.5469,0,0.1531,0.3056  
562.5000,0,0.4029,1.8638  
564.4531,0,0.3412,3.8642  
566.4062,0,-0.2495,1.0059  
568.3594,0,0.2449,1.0110  
570.3125,0,0.2373,1.0259  
572.2656,0,-0.2299,0.8794  
574.2188,0,0.2347,0.9407  
576.1719,0,0.2469,1.1289  
578.1250,0,0.1541,0.3035  
580.0781,0,0.2567,1.0314  
582.0312,0,0.2670,1.0640  
583.9844,0,-0.2677,0.9643  
585.9375,0,0.2749,0.9687  
587.8906,0,-0.2887,1.0113  
589.8438,0,-0.2831,1.0259  
591.7969,0,0.2693,0.9683  
593.7500,0,0.1518,0.2950  
595.7031,0,0.2458,1.0969  
597.6562,0,0.2371,1.0780  
599.6094,0,-0.2188,0.8410  
601.5625,0,0.2215,1.1002  
603.5156,0,0.2166,1.0118  
605.4688,0,0.2574,2.1228  
607.4219,0,0.2251,1.1194  
609.3750,0,0.2303,1.1347  
611.3281,0,-0.2339,1.1037  
613.2812,0,0.1506,0.3275  
615.2344,0,0.2266,0.9390  
617.1875,0,-0.7511,4.1499  
619.1406,0,0.2201,0.9207  
621.0938,0,0.1547,0.3217  
623.0469,0,0.2184,0.9616  
625.0000,0,0.6235,2.7804  
626.9531,0,0.2245,1.0330  
628.9062,0,0.2378,1.0848  
630.8594,0,-0.2486,1.0159  
632.8125,0,-0.2634,1.0787  
634.7656,0,-0.2158,2.2923  
636.7188,0,0.2722,1.0919  
638.6719,0,0.2674,1.0362  
640.6250,0,0.2583,0.9847  
642.5781,0,0.2518,1.0246  
644.5312,0,0.2433,1.0428  
646.4844,0,0.2284,0.9110  
648.4375,0,-0.2304,1.0704  
650.3906,0,0.1535,0.3122  
652.3438,0,-0.2234,1.0938  
654.2969,0,0.2572,1.8494  
656.2500,0,0.2346,1.0340  
658.2031,0,0.1535,0.3126  
660.1562,0,0.2467,0.9930  
662.1094,0,0.2497,0.9819  
664.0625,0,0.2445,0.9388  
666.0156,0,0.1549,0.2975  
667.9688,0,0.2468,1.1440  
669.9219,0,-0.2241,0.9653  
671.8750,0,0.1554,0.3222  
673.8281,0,0.1520,0.3280  
675.7812,0,0.2119,0.9654  
677.7344,0,0.1531,0.3431  
679.6875,0,-0.2187,1.0243  
681.6406,0,0.2298,1.1312  
683.5938,0,0.1543,0.3158  
685.5469,0,0.3044,1.3744  
687.5000,0,0.2347,0.9640  
689.4531,0,0.1533,0.3294  
691.4062,0,0.1531,0.3312  
693.3594,0,0.1999,0.9573  
695.3125,0,0.1954,1.0787  
697.2656,0,-0.1876,0.9881  
699.2188,0,0.1463,0.3745  
701.1719,0,-0.3750,2.9095  
703.1250,0,0.1464,0.3842  
705.0781,0,0.1472,0.3909  
707.0312,0,0.1476,0.3876  
708.9844,0,-0.1798,1.0765  
710.9375,0,0.1489,0.3935  
712.8906,0,0.1855,0.9946  
714.8438,0,0.4166,3.0191  
716.7969,0,-0.1713,0.9007  
718.7500,0,0.1470,0.4037  
720.7031,0,0.1441,0.4057  
722.6562,0,-0.1572,0.9598  
724.6094,0,0.1567,0.8984  
726.5625,0,0.1442,0.4068  
728.5156,0,0.1654,1.0312  
730.4688,0,0.1460,0.3986  
732.4219,0,0.1494,0.3751  
734.3750,0,0.1477,0.3616  
736.3281,0,0.1960,1.0349  
738.2812,0,0.1950,1.0302  
740.2344,0,0.1497,0.3661  
742.1875,0,0.1481,0.3824  
744.1406,0,0.1483,0.4065  
746.0938,0,0.1479,0.4058  
748.0469,0,0.1659,1.0246  
750.0000,0,-0.1439,0.4117  
751.9531,0,0.1414,0.4057  
753.9062,0,0.1406,0.4141  
755.8594,0,0.1440,0.4045  
757.8125,0,0.1425,0.4141  
759.7656,0,0.1313,7.6029  
761.7188,0,0.1433,0.3972  
763.6719,0,0.1427,0.4203  
765.6250,0,0.9846,1.4110  
767.5781,0,0.1356,0.4584  
769.5312,0,-0.2248,0.9085  
771.4844,0,0.1318,0.4786  
773.4375,0,0.1316,0.9551  
775.3906,0,0.1329,0.4764  
777.3438,0,0.1314,0.4696  
779.2969,0,0.5407,1.2929  
781.2500,0,0.1357,0.4492  
783.2031,0,0.1381,0.4365  
785.1562,0,0.2522,1.9780  
787.1094,0,-0.1409,0.4476  
789.0625,0,0.1399,0.4329  
791.0156,0,0.1403,0.4246  
792.9688,0,0.1393,0.4472  
794.9219,0,0.1371,0.4407  
796.8750,0,0.1493,1.0512  
798.8281,0,0.1533,0.9479  
800.7812,0,0.1400,0.4319  
802.7344,0,0.1394,1.0330  
804.6875,0,0.1315,0.4845  
806.6406,0,0.1324,0.4812  
808.5938,0,0.1319,0.4582  
810.5469,0,0.5441,1.2587  
812.5000,0,0.3054,0.9887  
814.4531,0,0.1261,0.5054  
816.4062,0,0.1216,0.5043  
818.3594,0,-0.1869,1.1201  
820.3125,0,0.2839,1.1682  
822.2656,0,0.1112,0.5414  
824.2188,0,0.1129,0.6114  
826.1719,0,-0.1082,0.5892  
828.1250,0,0.1102,0.6055  
830.0781,0,0.1114,0.5767  
832.0312,0,-0.1141,0.5631  
833.9844,0,0.1152,0.5757  
835.9375,0,-0.1180,0.5855  
837.8906,0,0.1177,0.5751  
839.8438,0,0.1130,0.5784  
841.7969,0,0.1063,0.5686  
843.7500,0,0.1074,0.6127  
845.7031,0,0.1068,0.6442  
847.6562,0,0.1055,0.6400  
849.6094,0,0.2035,1.2760  
851.5625,0,0.1046,0.6489  
853.5156,0,0.1010,0.6914  
855.4688,0,0.0986,0.6322  
857.4219,0,0.1009,0.6754  
859.3750,0,0.1001,0.6649  
861.3281,0,0.0976,0.6735  
863.2812,0,0.0974,0.6633  
865.2344,0,0.2049,1.2553  
867.1875,0,0.0900,0.7311  
869.1406,0,0.0857,0.7309  
871.0938,0,0.0830,0.7502  
873.0469,0,0.0840,0.7833  
875.0000,0,-0.0802,0.7346  
876.9531,0,0.0802,0.7459  
878.9062,0,0.4375,2.1711  
880.8594,0,0.0772,0.7644  
882.8125,0,0.1712,1.8977  
884.7656,0,0.0835,0.8036  
886.7188,0,0.0830,0.7611  
888.6719,0,0.0084,2.7974  
890.6250,0,0.0795,0.7205  
892.5781,0,-0.0797,0.8077  
894.5312,0,0.0058,2.9680  
896.4844,0,0.3280,1.8971  
898.4375,0,0.0865,0.7284  
900.3906,0,0.0895,0.6847  
902.3438,0,0.0885,0.7429  
904.2969,0,0.1029,2.3015  
906.2500,0,0.0526,1.6276  
908.2031,0,0.1831,1.8779  
910.1562,0,0.0788,0.7386  
912.1094,0,0.0763,0.7322  
914.0625,0,-0.0793,0.7799  
916.0156,0,0.0814,0.8118  
917.9688,0,0.0757,0.7888  
919.9219,0,0.0545,1.8963  
921.8750,0,0.0735,0.8305  
923.8281,0,0.0751,0.8559  
925.7812,0,0.0755,0.8048  
927.7344,0,0.0734,0.7859  
929.6875,0,0.0725,0.8524  
931.6406,0,0.0760,0.7778  
933.5938,0,-0.0806,0.8234  
935.5469,0,0.0795,0.7975  
937.5000,0,0.0803,0.8112  
939.4531,0,0.2117,2.3591  
941.4062,0,0.0794,0.7215  
943.3594,0,0.0778,0.7886  
945.3125,0,0.0764,0.7673  
947.2656,0,0.3910,2.1077  
949.2188,0,-0.0874,1.8739  
951.1719,0,-0.1401,1.1662  
953.1250,0,-0.0766,0.8446  
955.0781,0,-0.0743,0.8478  
957.0312,0,0.0762,0.7964  
958.9844,0,0.0777,0.7451  
960.9375,0,0.0777,0.7602  
962.8906,0,0.0785,0.7904  
964.8438,0,0.0773,0.7685  
966.7969,0,0.0752,0.7576  
968.7500,0,0.0755,0.8022  
970.7031,0,0.0727,0.7269  
972.6562,0,0.0769,0.7836  
974.6094,0,-0.0749,0.8029  
976.5625,0,0.0741,0.7902  
978.5156,0,-0.0741,0.8270  
980.4688,0,0.0739,0.7651  
982.4219,0,0.0771,0.7919  
984.3750,0,0.0805,0.7767  
986.3281,0,0.0805,0.7737  
988.2812,0,0.0784,0.7329  
990.2344,0,0.1289,1.9487  
992.1875,0,0.1229,1.3902  
994.1406,0,-0.0749,0.7760  
996.0938,0,0.0754,0.7481  
998.0469,0,0.0855,0.8152  
1000.0000,0,0.0462,1.3681  
